0.0 0 0.416160314543
0.01 300 0.415880757261
0.02 600 0.415602613904
0.03 900 0.415325885532
0.04 1200 0.415050569845
0.05 1500 0.414776669785
0.06 1800 0.414504173819
0.07 2100 0.414233092199
0.08 2400 0.413963413202
0.09 2700 0.413695136122
0.1 3000 0.41342826246
0.11 3300 0.413162783447
0.12 3600 0.412898697315
0.13 3900 0.412636005308
0.14 4200 0.412374697225
0.15 4500 0.412114765159
0.16 4800 0.411856217615
0.17 5100 0.411599036575
0.18 5400 0.411343224076
0.19 5700 0.411088778823
0.2 6000 0.410835689027
0.21 6300 0.410583947845
0.22 6600 0.410333554003
0.23 6900 0.410084502154
0.24 7200 0.409836789518
0.25 7500 0.40959040461
0.26 7800 0.409345344366
0.27 8100 0.409101597477
0.28 8400 0.408859168149
0.29 8700 0.408618043552
0.3 9000 0.408378214842
0.31 9300 0.408139672483
0.32 9600 0.407902434592
0.33 9900 0.407666459312
0.34 10200 0.407431767719
0.35 10500 0.407198338391
0.36 10800 0.406966170963
0.37 11100 0.406735257369
0.38 11400 0.40650558563
0.39 11700 0.406277153909
0.4 12000 0.406049958276
0.41 12300 0.405823991757
0.42 12600 0.405599233545
0.43 12900 0.405375698616
0.44 13200 0.40515336122
0.45 13500 0.404932227218
0.46 13800 0.404712282896
0.47 14100 0.404493522083
0.48 14400 0.404275939916
0.49 14700 0.40405952212
0.5 15000 0.403844271187
0.51 15300 0.403630174452
0.52 15600 0.403417228659
0.53 15900 0.403205422805
0.54 16200 0.402994746659
0.55 16500 0.402785212523
0.56 16800 0.402576787146
0.57 17097 0.402371548249
0.58 17400 0.40216327831
0.59 17700 0.401958174585
0.6 18000 0.401754167355
0.61 18300 0.401551248895
0.62 18600 0.401349410209
0.63 18900 0.401148637986
0.64 19200 0.400948929586
0.65 19500 0.400750286705
0.66 19800 0.400552691376
0.67 20100 0.400356139057
0.68 20400 0.400160627359
0.69 20697 0.399968086292
0.7 21000 0.399772696908
0.71 21300 0.39958025603
0.72 21600 0.399388833929
0.73 21900 0.399198414091
0.74 22200 0.399008991171
0.75 22500 0.398820556294
0.76 22800 0.398633109407
0.77 23100 0.398446640519
0.78 23400 0.398261145599
0.79 23700 0.398076617156
0.8 24000 0.397893041541
0.81 24300 0.39771043139
0.82 24600 0.397528757923
0.83 24900 0.39734802648
0.84 25200 0.397168227692
0.85 25500 0.396989361685
0.86 25800 0.396811414963
0.87 26100 0.39663437741
0.88 26400 0.396458256877
0.89 26700 0.396283033828
0.9 27000 0.396108707154
0.91 27300 0.395935277685
0.92 27600 0.395762731542
0.93 27900 0.395591065015
0.94 28200 0.39542027064
0.95 28500 0.395250343791
0.96 28800 0.395081277537
0.97 29100 0.394913071092
0.98 29400 0.394745713863
0.99 29700 0.394579196977
1.0 30000 0.394413521931
