0.0 0 0.416160314543
0.01 300 0.416213712493
0.02 600 0.416261932899
0.03 900 0.416305170202
0.04 1200 0.416343607705
0.05 1500 0.416377425111
0.06 1800 0.416406792204
0.07 2100 0.416431873107
0.08 2400 0.416452821924
0.09 2700 0.416469796421
0.1 3000 0.416482936124
0.11 3300 0.416492377742
0.12 3600 0.416498268709
0.13 3900 0.4165007218
0.14 4200 0.416499863084
0.15 4500 0.416495828929
0.16 4800 0.41648872076
0.17 5100 0.416478643713
0.18 5400 0.416465716129
0.19 5700 0.416450032724
0.2 6000 0.416431696708
0.21 6300 0.41641079764
0.22 6600 0.416387433204
0.23 6900 0.416361683536
0.24 7200 0.416333646753
0.25 7500 0.416303390676
0.26 7800 0.416271002533
0.27 8100 0.416236558787
0.28 8400 0.416200129728
0.29 8700 0.416161784472
0.3 9000 0.416121597835
0.31 9300 0.416079631591
0.32 9600 0.416035953492
0.33 9900 0.415990625698
0.34 10200 0.415943700884
0.35 10500 0.415895236744
0.36 10800 0.415845295972
0.37 11100 0.415793926279
0.38 11400 0.415741186659
0.39 11700 0.415687116934
0.4 12000 0.415631778913
0.41 12300 0.415575207935
0.42 12600 0.415517451203
0.43 12900 0.415458556469
0.44 13200 0.415398560056
0.45 13500 0.415337511886
0.46 13800 0.415275451179
0.47 14100 0.415212407128
0.48 14400 0.415148421304
0.49 14700 0.41508352933
0.5 15000 0.415017769289
0.51 15300 0.41495116832
0.52 15600 0.414883761805
0.53 15900 0.414815585057
0.54 16200 0.414746668131
0.55 16500 0.414677036314
0.56 16800 0.414606721259
0.57 17094 0.414520099635
0.58 17400 0.414464146059
0.59 17700 0.414391943402
0.6 18000 0.414319153702
0.61 18300 0.414245814029
0.62 18600 0.414171946024
0.63 18900 0.414097571198
0.64 19200 0.414022709692
0.65 19500 0.413947383914
0.66 19800 0.413871617435
0.67 20100 0.413795420779
0.68 20400 0.413718830278
0.69 20694 0.413627537653
0.7 21000 0.41356451042
0.71 21300 0.413486812685
0.72 21600 0.413408793996
0.73 21900 0.413330455953
0.74 22200 0.413251824243
0.75 22500 0.413172903532
0.76 22800 0.413093722523
0.77 23100 0.413014290774
0.78 23400 0.412934621574
0.79 23700 0.412854725256
0.8 24000 0.412774615327
0.81 24300 0.412694319572
0.82 24600 0.412613835378
0.83 24900 0.412533178313
0.84 25200 0.412452360739
0.85 25500 0.41237139363
0.86 25800 0.412290295378
0.87 26100 0.412209066531
0.88 26400 0.41212772709
0.89 26700 0.412046278467
0.9 27000 0.411964736594
0.91 27300 0.411883106705
0.92 27600 0.411801400819
0.93 27900 0.411719629593
0.94 28200 0.411637807446
0.95 28500 0.41155592313
0.96 28800 0.411474004576
0.97 29100 0.411392052411
0.98 29400 0.411310073469
0.99 29700 0.411228075589
1.0 30000 0.411146063957
