0.0 0 0.416160314543
0.01 300 0.419210312946
0.02 600 0.422195803292
0.03 900 0.425118723619
0.04 1200 0.427980936297
0.05 1500 0.430784231661
0.06 1800 0.43353033145
0.07 2100 0.436220892036
0.08 2400 0.438857507483
0.09 2700 0.441441712432
0.1 3000 0.44397498483
0.11 3300 0.446458748504
0.12 3600 0.448894375607
0.13 3900 0.451283188921
0.14 4200 0.453626464047
0.15 4500 0.455925431475
0.16 4800 0.458181278548
0.17 5100 0.460395151324
0.18 5400 0.462568156342
0.19 5700 0.4647013623
0.2 6000 0.466795801648
0.21 6300 0.468852472099
0.22 6600 0.470872338066
0.23 6900 0.472856332036
0.24 7200 0.47480535586
0.25 7500 0.476720282002
0.26 7800 0.478601954709
0.27 8100 0.480451191136
0.28 8400 0.482268782417
0.29 8700 0.484055494681
0.3 9000 0.485812070029
0.31 9300 0.487539227454
0.32 9600 0.489237663731
0.33 9900 0.490908054259
0.34 10200 0.492551053869
0.35 10500 0.49416729759
0.36 10800 0.495757401391
0.37 11100 0.49732196288
0.38 11400 0.498861561979
0.39 11700 0.500376761566
0.4 12000 0.50186810809
0.41 12300 0.503336132163
0.42 12600 0.504781349121
0.43 12900 0.506204259569
0.44 13200 0.507605349892
0.45 13500 0.508985092756
0.46 13800 0.510343947583
0.47 14100 0.511682361005
0.48 14400 0.513000767302
0.49 14700 0.514299588824
0.5 15000 0.515579236389
0.51 15300 0.516840109676
0.52 15600 0.518082597588
0.53 15900 0.519307078617
0.54 16200 0.52051392118
0.55 16500 0.521703483951
0.56 16800 0.522876116179
0.57 17097 0.524020678597
0.58 17400 0.525171940672
0.59 17700 0.526295786978
0.6 18000 0.527404011373
0.61 18300 0.528496920309
0.62 18600 0.52957481247
0.63 18900 0.530637979015
0.64 19200 0.531686703811
0.65 19500 0.532721263658
0.66 19800 0.533741928503
0.67 20100 0.53474896165
0.68 20400 0.535742619958
0.69 20697 0.536713412853
0.7 21000 0.537690808435
0.71 21300 0.538645821816
0.72 21600 0.539588427133
0.73 21900 0.540518851798
0.74 22200 0.541437317844
0.75 22500 0.542344042077
0.76 22800 0.543239236231
0.77 23100 0.544123107114
0.78 23400 0.544995856743
0.79 23700 0.545857682486
0.8 24000 0.546708777191
0.81 24300 0.547549329313
0.82 24600 0.548379523037
0.83 24900 0.549199538393
0.84 25200 0.550009551379
0.85 25500 0.550809734064
0.86 25800 0.551600254699
0.87 26100 0.55238127782
0.88 26400 0.55315296435
0.89 26700 0.553915471693
0.9 27000 0.554668953831
0.91 27300 0.555413561417
0.92 27600 0.556149441857
0.93 27900 0.556876739403
0.94 28200 0.557595595229
0.95 28500 0.558306147516
0.96 28800 0.55900853153
0.97 29100 0.559702879694
0.98 29400 0.560389321662
0.99 29700 0.561067984395
1.0 30000 0.56173899222
