0.0 0 0.416160314543
0.01 300 0.416546668005
0.02 600 0.416921251615
0.03 900 0.417284454505
0.04 1200 0.41763664484
0.05 1500 0.417978181604
0.06 1800 0.418309405523
0.07 2100 0.418630650142
0.08 2400 0.418942231692
0.09 2700 0.419244454475
0.1 3000 0.419537606027
0.11 3300 0.419821980083
0.12 3600 0.42009783398
0.13 3900 0.420365440203
0.14 4200 0.420625049026
0.15 4500 0.420876897183
0.16 4800 0.42112122754
0.17 5100 0.421358258773
0.18 5400 0.421588213336
0.19 5700 0.421811294403
0.2 6000 0.422027708593
0.21 6300 0.422237650366
0.22 6600 0.422441311106
0.23 6900 0.422638870599
0.24 7200 0.422830504663
0.25 7500 0.423016378452
0.26 7800 0.423196663132
0.27 8100 0.423371515347
0.28 8400 0.423541090438
0.29 8700 0.423705532141
0.3 9000 0.423864984385
0.31 9300 0.424019587596
0.32 9600 0.424169478476
0.33 9900 0.424314782308
0.34 10200 0.424455623121
0.35 10500 0.42459213128
0.36 10800 0.424724416724
0.37 11100 0.424852591572
0.38 11400 0.424976781312
0.39 11700 0.425097076929
0.4 12000 0.425213591517
0.41 12300 0.42532641809
0.42 12600 0.425435660642
0.43 12900 0.425541413494
0.44 13200 0.425643757502
0.45 13500 0.425742801503
0.46 13800 0.42583861474
0.47 14100 0.42593128829
0.48 14400 0.426020899024
0.49 14700 0.426107533811
0.5 15000 0.426191260475
0.51 15300 0.426272161174
0.52 15600 0.426350301581
0.53 15900 0.426425751537
0.54 16200 0.426498585816
0.55 16500 0.426568860971
0.56 16800 0.426636650155
0.57 17094 0.426687920379
0.58 17400 0.426765010308
0.59 17700 0.426825701073
0.6 18000 0.426884140326
0.61 18300 0.426940378446
0.62 18600 0.426994486874
0.63 18900 0.427046500066
0.64 19200 0.427096487427
0.65 19500 0.427144483208
0.66 19800 0.427190535797
0.67 20100 0.42723470682
0.68 20400 0.427277031368
0.69 20694 0.427304863161
0.7 21000 0.427356320429
0.71 21300 0.427393366887
0.72 21600 0.427428754519
0.73 21900 0.427462500081
0.74 22200 0.427494655565
0.75 22500 0.42752525618
0.76 22800 0.427554333717
0.77 23100 0.427581936039
0.78 23400 0.427608089343
0.79 23700 0.427632832247
0.8 24000 0.427656196531
0.81 24300 0.427678207278
0.82 24600 0.427698912927
0.83 24900 0.427718329116
0.84 25200 0.427736491834
0.85 25500 0.427753430655
0.86 25800 0.427769176343
0.87 26100 0.427783756563
0.88 26400 0.427797197123
0.89 26700 0.42780952176
0.9 27000 0.427820758006
0.91 27300 0.427830936566
0.92 27600 0.427840075989
0.93 27900 0.427848199936
0.94 28200 0.427855337831
0.95 28500 0.427861503718
0.96 28800 0.427866727805
0.97 29100 0.427871027057
0.98 29400 0.427874429824
0.99 29700 0.427876953236
1.0 30000 0.427878616356
