0.0 0 0.416160314543
0.01 300 0.416879624452
0.02 600 0.417580571534
0.03 900 0.418263736977
0.04 1200 0.418929680796
0.05 1500 0.419578939174
0.06 1800 0.420212023108
0.07 2100 0.42082943149
0.08 2400 0.421431641286
0.09 2700 0.422019110457
0.1 3000 0.422592279692
0.11 3300 0.423151575733
0.12 3600 0.423697403612
0.13 3900 0.424230156695
0.14 4200 0.424750222045
0.15 4500 0.425257965682
0.16 4800 0.425753734158
0.17 5100 0.426237871512
0.18 5400 0.426710706103
0.19 5700 0.427172551761
0.2 6000 0.4276237197
0.21 6300 0.428064502475
0.22 6600 0.428495193823
0.23 6900 0.428916050164
0.24 7200 0.429327358145
0.25 7500 0.429729366154
0.26 7800 0.430122329113
0.27 8100 0.430506478994
0.28 8400 0.430882050206
0.29 8700 0.431249272416
0.3 9000 0.431608370438
0.31 9300 0.431959544236
0.32 9600 0.432302999264
0.33 9900 0.4326389358
0.34 10200 0.432967555529
0.35 10500 0.433289028815
0.36 10800 0.433603541395
0.37 11100 0.433911266913
0.38 11400 0.434212379152
0.39 11700 0.434507040348
0.4 12000 0.434795406276
0.41 12300 0.43507763472
0.42 12600 0.435353875025
0.43 12900 0.435624267844
0.44 13200 0.435888958169
0.45 13500 0.436148085044
0.46 13800 0.43640178004
0.47 14100 0.436650173458
0.48 14400 0.436893385241
0.49 14700 0.437131543992
0.5 15000 0.437364764591
0.51 15300 0.437593151344
0.52 15600 0.437816840527
0.53 15900 0.438035920541
0.54 16200 0.438250505132
0.55 16500 0.438460688808
0.56 16800 0.438666584096
0.57 17094 0.438855752502
0.58 17400 0.439065880089
0.59 17700 0.439259460313
0.6 18000 0.439449119171
0.61 18300 0.439634951025
0.62 18600 0.439817025754
0.63 18900 0.439995437731
0.64 19200 0.440170262737
0.65 19500 0.440341579347
0.66 19800 0.440509464934
0.67 20100 0.440673986698
0.68 20400 0.440835225661
0.69 20694 0.440982191782
0.7 21000 0.441148127812
0.71 21300 0.441299931057
0.72 21600 0.441448710982
0.73 21900 0.441594541137
0.74 22200 0.441737488687
0.75 22500 0.441877600937
0.76 22800 0.442014948016
0.77 23100 0.442149584533
0.78 23400 0.442281562793
0.79 23700 0.442410938033
0.8 24000 0.442537769598
0.81 24300 0.442662097502
0.82 24600 0.442783989297
0.83 24900 0.442903482214
0.84 25200 0.443020625905
0.85 25500 0.443135465556
0.86 25800 0.443248062398
0.87 26100 0.443358447688
0.88 26400 0.443466666206
0.89 26700 0.443572764963
0.9 27000 0.443676785082
0.91 27300 0.443778763327
0.92 27600 0.443878745354
0.93 27900 0.44397676648
0.94 28200 0.444072869691
0.95 28500 0.444167082582
0.96 28800 0.444259454629
0.97 29100 0.444350012457
0.98 29400 0.444438795595
0.99 29700 0.444525831261
1.0 30000 0.444611161547
