0.0 0 0.0
0.01 0 -0.0363333864796
0.02 0 -0.0316497659037
0.03 0 -0.0303748547262
0.04 0 -0.0298489209279
0.05 0 -0.0293402660473
0.06 0 -0.0278901716461
0.07 0 -0.0278814674788
0.08 0 -0.0277569166266
0.09 0 -0.0278137089874
0.1 0 -0.0278908331349
0.11 0 -0.0284894745562
0.12 0 -0.0284257032335
0.13 0 -0.0283943017372
0.14 0 -0.028340756641
0.15 0 -0.0283003755839
0.16 0 -0.0278158520492
0.17 0 -0.0278065252287
0.18 0 -0.0277716931697
0.19 0 -0.0277692286684
0.2 0 -0.0277729587896
0.21 0 -0.028135759362
0.22 0 -0.0281552249567
0.23 0 -0.0280818522319
0.24 0 -0.0281281104274
0.25 0 -0.0280603640085
0.26 0 -0.027761682299
0.27 0 -0.0277699568151
0.28 0 -0.0277923346019
0.29 0 -0.0277669478708
0.3 0 -0.0277777017273
0.31 0 -0.0280043730559
0.32 0 -0.027988891307
0.33 0 -0.0279934873404
0.34 0 -0.0279978766424
0.35 0 -0.0279738593552
0.36 0 -0.0277976236034
0.37 0 -0.0277560344234
0.38 0 -0.027765292062
0.39 0 -0.0277689385211
0.4 0 -0.0277590380162
0.41 0 -0.027951665947
0.42 0 -0.0279443641805
0.43 0 -0.0279330086244
0.44 0 -0.0279388560557
0.45 0 -0.0279236147372
0.46 0 -0.0277785062191
0.47 0 -0.0277555744081
0.48 0 -0.0277572417051
0.49 0 -0.0277579729514
0.5 0 -0.0277669461166
0.51 0 -0.0279068888645
0.52 0 -0.0279178849383
0.53 0 -0.0278944138997
0.54 0 -0.0279058610182
0.55 0 -0.0278929754745
0.56 0 -0.0277664322015
0.57 0 -0.0277541187557
0.58 0 -0.0277614194585
0.59 0 -0.0277680622627
0.6 0 -0.0277708695085
0.61 0 -0.0278897643349
0.62 0 -0.027887296491
0.63 0 -0.0278806510588
0.64 0 -0.0278757090374
0.65 0 -0.0278745741496
0.66 0 -0.027751960787
0.67 0 -0.0277597115015
0.68 0 -0.0277674454618
0.69 0 -0.0277646321332
0.7 0 -0.0277662315394
0.71 0 -0.0278928489774
0.72 0 -0.027874242777
0.73 0 -0.0278859152788
0.74 0 -0.027857890754
0.75 0 -0.0278565660167
0.76 0 -0.0278635234099
0.77 0 -0.0277761230657
0.78 0 -0.0277626940861
0.79 0 -0.0277563252492
0.8 0 -0.0277760088743
0.81 0 -0.0277684641718
0.82 0 -0.0278878700381
0.83 0 -0.027854658472
0.84 0 -0.0278549039849
0.85 0 -0.0278538723186
0.86 0 -0.0278438501373
0.87 0 -0.0277606559776
0.88 0 -0.0277682831866
0.89 0 -0.0277662781591
0.9 0 -0.0277533912688
0.91 0 -0.0277619144467
0.92 0 -0.0278710177662
0.93 0 -0.02787068128
0.94 0 -0.0278474210947
0.95 0 -0.0278518064308
0.96 0 -0.0278422462117
0.97 0 -0.0277632760206
0.98 0 -0.0277818669551
0.99 0 -0.0277561574098
1.0 0 -0.0277745925798
