0.0 0 0.0
0.01 0 0.133653581267
0.02 0 0.132075556877
0.03 0 0.131496653785
0.04 0 0.131169167454
0.05 0 0.131366751311
0.06 0 0.129789487503
0.07 0 0.131579143782
0.08 0 0.131441472708
0.09 0 0.131414941559
0.1 0 0.13135651354
0.11 0 0.130552956198
0.12 0 0.130583440993
0.13 0 0.130564914815
0.14 0 0.13140195662
0.15 0 0.131362733469
0.16 0 0.130810425993
0.17 0 0.130795269947
0.18 0 0.130818092052
0.19 0 0.130772114281
0.2 0 0.130803289674
0.21 0 0.130919586905
0.22 0 0.130921367253
0.23 0 0.130930326886
0.24 0 0.13092318537
0.25 0 0.130893702181
0.26 0 0.13059382392
0.27 0 0.13060894192
0.28 0 0.131007297894
0.29 0 0.13099705616
0.3 0 0.130998802883
0.31 0 0.130723499213
0.32 0 0.130717216498
0.33 0 0.13072932803
0.34 0 0.131043568531
0.35 0 0.13104868157
0.36 0 0.130804041432
0.37 0 0.130808438241
0.38 0 0.130820961226
0.39 0 0.130809658292
0.4 0 0.130806730142
0.41 0 0.130886990542
0.42 0 0.130884396126
0.43 0 0.130882569022
0.44 0 0.13088016038
0.45 0 0.130878961047
0.46 0 0.13069600125
0.47 0 0.130691583371
0.48 0 0.130935059955
0.49 0 0.130930599347
0.5 0 0.130917943228
0.51 0 0.130764873338
0.52 0 0.130764105677
0.53 0 0.130767038015
0.54 0 0.13076635604
0.55 0 0.130962749723
0.56 0 0.130810877622
0.57 0 0.130817425127
0.58 0 0.130815376429
0.59 0 0.130819183563
0.6 0 0.130818347372
0.61 0 0.130864118396
0.62 0 0.130841999885
0.63 0 0.13086227425
0.64 0 0.130857811425
0.65 0 0.130851152353
0.66 0 0.130732895154
0.67 0 0.130734034533
0.68 0 0.130899056193
0.69 0 0.130885621936
0.7 0 0.130894165033
0.71 0 0.130780415084
0.72 0 0.130778318807
0.73 0 0.130781540829
0.74 0 0.130779712973
0.75 0 0.130927169959
0.76 0 0.13092512696
0.77 0 0.130815652596
0.78 0 0.130817045124
0.79 0 0.130817935667
0.8 0 0.130814954521
0.81 0 0.13081682661
0.82 0 0.130849392892
0.83 0 0.13084157048
0.84 0 0.130852784509
0.85 0 0.130852023638
0.86 0 0.130845576628
0.87 0 0.130755821291
0.88 0 0.130873340595
0.89 0 0.130874733197
0.9 0 0.13086813774
0.91 0 0.130874769701
0.92 0 0.130787759751
0.93 0 0.130787125989
0.94 0 0.130787214654
0.95 0 0.1308979281
0.96 0 0.13090251319
0.97 0 0.130814494103
0.98 0 0.130806832727
0.99 0 0.130819080081
1.0 0 0.130817329479
