0.0 0 0.0
0.01 0 0.258311374654
0.02 0 0.254002126479
0.03 0 0.25245112755
0.04 0 0.250757409023
0.05 0 0.250528142634
0.06 0 0.250442321387
0.07 0 0.249733090967
0.08 0 0.249742519854
0.09 0 0.249731789902
0.1 0 0.249745590772
0.11 0 0.250497502402
0.12 0 0.250443741766
0.13 0 0.250388257913
0.14 0 0.250023302535
0.15 0 0.250020793106
0.16 0 0.249988828306
0.17 0 0.249745114696
0.18 0 0.249729600311
0.19 0 0.249746053852
0.2 0 0.249735644202
0.21 0 0.250144179035
0.22 0 0.250122624438
0.23 0 0.250108690225
0.24 0 0.249914180642
0.25 0 0.249912396383
0.26 0 0.249908992415
0.27 0 0.249902446465
0.28 0 0.249740316111
0.29 0 0.24974613093
0.3 0 0.249739933
0.31 0 0.25001878107
0.32 0 0.250012246835
0.33 0 0.249995805047
0.34 0 0.249870115394
0.35 0 0.24986897731
0.36 0 0.249862856263
0.37 0 0.249857342194
0.38 0 0.249748300907
0.39 0 0.249742014677
0.4 0 0.249749115205
0.41 0 0.249949450712
0.42 0 0.249945848602
0.43 0 0.249944188902
0.44 0 0.249840222473
0.45 0 0.249842609765
0.46 0 0.249838837676
0.47 0 0.249837161084
0.48 0 0.249742043975
0.49 0 0.24974473795
0.5 0 0.249744382142
0.51 0 0.249909688362
0.52 0 0.24991084171
0.53 0 0.249907091824
0.54 0 0.249894831629
0.55 0 0.249823615735
0.56 0 0.249818173994
0.57 0 0.249822197971
0.58 0 0.249748647142
0.59 0 0.249742628845
0.6 0 0.249747172753
0.61 0 0.249887050462
0.62 0 0.249883099437
0.63 0 0.24988197718
0.64 0 0.24988097846
0.65 0 0.249812666334
0.66 0 0.249811837421
0.67 0 0.249807334051
0.68 0 0.249749211176
0.69 0 0.249749130313
0.7 0 0.249747736851
0.71 0 0.249866289806
0.72 0 0.249866587011
0.73 0 0.249864040713
0.74 0 0.249860658656
0.75 0 0.24980476465
0.76 0 0.249804807599
0.77 0 0.249803749376
0.78 0 0.249748217804
0.79 0 0.249747549092
0.8 0 0.249748841472
0.81 0 0.249748598739
0.82 0 0.24985176477
0.83 0 0.249849648617
0.84 0 0.249849448816
0.85 0 0.24979791475
0.86 0 0.249798212549
0.87 0 0.249797439665
0.88 0 0.249749433223
0.89 0 0.249746871808
0.9 0 0.249746539105
0.91 0 0.249748047282
0.92 0 0.249839618379
0.93 0 0.249835496729
0.94 0 0.249838129934
0.95 0 0.249792630724
0.96 0 0.24979149666
0.97 0 0.249792437399
0.98 0 0.249748016593
0.99 0 0.249747242108
1.0 0 0.249746795863
