0.0 0 0.0
0.01 0 0.35422647377
0.02 0 0.348094557076
0.03 0 0.34560381514
0.04 0 0.344743490456
0.05 0 0.344229917417
0.06 0 0.343634440895
0.07 0 0.343426967127
0.08 0 0.343075068439
0.09 0 0.342976442969
0.1 0 0.342897091276
0.11 0 0.342701995538
0.12 0 0.342661553895
0.13 0 0.342494765725
0.14 0 0.342485903849
0.15 0 0.342470064362
0.16 0 0.342352126172
0.17 0 0.342339114434
0.18 0 0.342245491065
0.19 0 0.342248704357
0.2 0 0.342245184968
0.21 0 0.342801982147
0.22 0 0.342777243852
0.23 0 0.342682130524
0.24 0 0.342660112414
0.25 0 0.342645625113
0.26 0 0.342566244307
0.27 0 0.342555166566
0.28 0 0.342484786711
0.29 0 0.342478752383
0.3 0 0.342468328267
0.31 0 0.342408171406
0.32 0 0.342403566513
0.33 0 0.342349100667
0.34 0 0.342346922994
0.35 0 0.342344057308
0.36 0 0.342293679603
0.37 0 0.342292770842
0.38 0 0.342292984075
0.39 0 0.342248098445
0.4 0 0.342248783862
0.41 0 0.342531697129
0.42 0 0.342526186658
0.43 0 0.342517494495
0.44 0 0.342475444106
0.45 0 0.342468836715
0.46 0 0.342429783016
0.47 0 0.342423966089
0.48 0 0.342422521666
0.49 0 0.342385206571
0.5 0 0.342382639133
0.51 0 0.342344207597
0.52 0 0.342344952575
0.53 0 0.342343818041
0.54 0 0.342310698065
0.55 0 0.342310016358
0.56 0 0.342275519145
0.57 0 0.342278999334
0.58 0 0.342277398583
0.59 0 0.342249738159
0.6 0 0.342248540958
0.61 0 0.342437206498
0.62 0 0.342436408567
0.63 0 0.342433854011
0.64 0 0.342405302062
0.65 0 0.342402780164
0.66 0 0.342375418759
0.67 0 0.34237365572
0.68 0 0.342370728203
0.69 0 0.34234566261
0.7 0 0.342343609171
0.71 0 0.342319538448
0.72 0 0.342318795243
0.73 0 0.3423167289
0.74 0 0.342294443972
0.75 0 0.342293166547
0.76 0 0.342293265246
0.77 0 0.342271340439
0.78 0 0.342271052715
0.79 0 0.34224876806
0.8 0 0.342249919895
0.81 0 0.342249705098
0.82 0 0.342391437133
0.83 0 0.342389830545
0.84 0 0.342368362302
0.85 0 0.342365437564
0.86 0 0.342365007971
0.87 0 0.342344209777
0.88 0 0.342342683599
0.89 0 0.342324230102
0.9 0 0.342322425403
0.91 0 0.342322704471
0.92 0 0.342303060004
0.93 0 0.342302665796
0.94 0 0.342284840708
0.95 0 0.342284062646
0.96 0 0.342283560886
0.97 0 0.34226669465
0.98 0 0.342266537895
0.99 0 0.34224925422
1.0 0 0.342249851092
