0.0 0 0.0
0.01 0 0.387237742202
0.02 0 0.38760082813
0.03 0 0.382943392857
0.04 0 0.384191035274
0.05 0 0.38208960776
0.06 0 0.383043933872
0.07 0 0.381727322371
0.08 0 0.382503500444
0.09 0 0.381602254595
0.1 0 0.382163425562
0.11 0 0.381468101474
0.12 0 0.381942611501
0.13 0 0.381368794884
0.14 0 0.381783946563
0.15 0 0.381295515065
0.16 0 0.381660867179
0.17 0 0.381236167785
0.18 0 0.381608700501
0.19 0 0.381196684051
0.2 0 0.38153279029
0.21 0 0.381800192297
0.22 0 0.381466247851
0.23 0 0.381716460477
0.24 0 0.381414475602
0.25 0 0.381645115891
0.26 0 0.381368128986
0.27 0 0.381610788823
0.28 0 0.38133021463
0.29 0 0.381556847487
0.3 0 0.381294621749
0.31 0 0.381509657305
0.32 0 0.381267115485
0.33 0 0.381465955857
0.34 0 0.381240930245
0.35 0 0.38143093569
0.36 0 0.381238260157
0.37 0 0.381398611179
0.38 0 0.381216137232
0.39 0 0.381369230557
0.4 0 0.381196684768
0.41 0 0.381342498167
0.42 0 0.381498129768
0.43 0 0.381318496445
0.44 0 0.381468390765
0.45 0 0.381313189649
0.46 0 0.381440089844
0.47 0 0.381291601191
0.48 0 0.381414207074
0.49 0 0.381273254536
0.5 0 0.381390261985
0.51 0 0.38125476447
0.52 0 0.381367095683
0.53 0 0.381239172636
0.54 0 0.381361260244
0.55 0 0.3812236636
0.56 0 0.381342693903
0.57 0 0.381209921344
0.58 0 0.381325775431
0.59 0 0.381197200132
0.6 0 0.381308743226
0.61 0 0.381404445898
0.62 0 0.381293346769
0.63 0 0.38139782976
0.64 0 0.381278646102
0.65 0 0.381380579049
0.66 0 0.381264997007
0.67 0 0.381364122808
0.68 0 0.381252094526
0.69 0 0.381348126369
0.7 0 0.381239602633
0.71 0 0.381333129389
0.72 0 0.381238409618
0.73 0 0.381319657956
0.74 0 0.381227446048
0.75 0 0.381306670161
0.76 0 0.381216040557
0.77 0 0.381294018016
0.78 0 0.38120643043
0.79 0 0.381282158456
0.8 0 0.381197116626
0.81 0 0.38128015021
0.82 0 0.381351891529
0.83 0 0.381268802472
0.84 0 0.381339184191
0.85 0 0.381257826125
0.86 0 0.38132731986
0.87 0 0.381247954295
0.88 0 0.381315735422
0.89 0 0.381239209418
0.9 0 0.381312925472
0.91 0 0.38122973518
0.92 0 0.381302398126
0.93 0 0.381221192878
0.94 0 0.381291890247
0.95 0 0.381212707252
0.96 0 0.381282120357
0.97 0 0.381204550591
0.98 0 0.381273244407
0.99 0 0.381204722923
1.0 0 0.381264195838
