0.0 0 0.145179675
0.01 300 0.0373377236739
0.02 600 0.0137061788841
0.03 900 0.0156828602765
0.04 1200 0.00732036029468
0.05 1500 0.0100520575563
0.06 1800 0.00500191172585
0.07 2100 0.00733736955269
0.08 2400 0.00509549760616
0.09 2700 0.00384414692692
0.1 3000 0.00558395691977
0.11 3300 0.00451329969874
0.12 3600 0.00522716805663
0.13 3900 0.00334187388828
0.14 4200 0.00372487470744
0.15 4500 0.00246847509717
0.16 4800 0.00272667561356
0.17 5100 0.00270169080479
0.18 5400 0.00134153374289
0.19 5700 0.00276105284225
0.2 6000 0.00164709083158
0.21 6300 0.00125502077592
0.22 6600 0.00169807132049
0.23 6900 0.00228577116257
0.24 7200 0.0013740352095
0.25 7500 0.00236699171613
0.26 7800 0.00177151965483
0.27 8100 0.0016301010561
0.28 8400 0.000944121601738
0.29 8700 0.00196901785358
0.3 9000 0.00102712824037
0.31 9300 0.00106575619166
0.32 9600 0.00158103671713
0.33 9900 0.00113564344238
0.34 10200 0.00174652557129
0.35 10500 0.00113398320874
0.36 10800 0.00104125054024
0.37 11100 0.00119077356646
0.38 11400 0.00110321281927
0.39 11700 0.000904063046773
0.4 12000 0.00132248025168
0.41 12300 0.00123777411887
0.42 12600 0.00157252666597
0.43 12900 0.0011282580289
0.44 13200 0.000953341405929
0.45 13500 0.00127330034316
0.46 13800 0.00110339178225
0.47 14100 0.000892208572145
0.48 14400 0.000690773236298
0.49 14700 0.00090064905163
0.5 15000 0.000751686174489
0.51 15300 0.000995544359967
0.52 15600 0.000892114567823
0.53 15900 0.000667407431342
0.54 16200 0.000817573404965
0.55 16500 0.000883365102087
0.56 16800 0.000552687338001
0.57 17094 0.000968827223192
0.58 17400 0.000837580926081
0.59 17700 0.00078564195385
0.6 18000 0.000589445532324
0.61 18300 0.00076100577613
0.62 18600 0.000642064683004
0.63 18900 0.000981378532209
0.64 19200 0.000690913566276
0.65 19500 0.000578461783679
0.66 19800 0.000803242844981
0.67 20100 0.000626938226021
0.68 20400 0.000779895686327
0.69 20694 0.000704755319855
0.7 21000 0.000537240335749
0.71 21300 0.000654278735405
0.72 21600 0.000522518532903
0.73 21900 0.000545421086592
0.74 22200 0.000568140854822
0.75 22500 0.000413033781697
0.76 22800 0.000523877178994
0.77 23100 0.000861190642912
0.78 23400 0.000454098148308
0.79 23700 0.000587818517323
0.8 24000 0.000442773149141
0.81 24300 0.000355100141944
0.82 24600 0.000378088940482
0.83 24900 0.000533260472059
0.84 25200 0.000447951255546
0.85 25500 0.000364631727378
0.86 25800 0.000514545651169
0.87 26100 0.000331007982568
0.88 26400 0.000402376932197
0.89 26700 0.000447613924163
0.9 27000 0.000467094775593
0.91 27300 0.000413493769149
0.92 27600 0.000649342363044
0.93 27900 0.000499778092864
0.94 28200 0.000353299775057
0.95 28500 0.0003263676824
0.96 28800 0.000507445860018
0.97 29100 0.000547578137078
0.98 29400 0.00024871297479
0.99 29700 0.000402551895649
1.0 30000 0.000464980416352
