0.0 0 0.156663880524
0.01 300 0.0367344843486
0.02 600 0.0141098173321
0.03 900 0.0142473557703
0.04 1200 0.00893158388835
0.05 1500 0.00679442276066
0.06 1800 0.00467627573385
0.07 2100 0.00488550956911
0.08 2400 0.00325113155621
0.09 2700 0.0031307814567
0.1 3000 0.00411726795437
0.11 3300 0.00471131097176
0.12 3600 0.0030870427455
0.13 3900 0.0038324150854
0.14 4200 0.00450370358293
0.15 4500 0.00261684531733
0.16 4800 0.00272666636758
0.17 5100 0.00257387900921
0.18 5400 0.00194647908909
0.19 5700 0.00298932978438
0.2 6000 0.00120937901693
0.21 6300 0.00249512548358
0.22 6600 0.00229410162447
0.23 6900 0.00133707234213
0.24 7200 0.00237467648225
0.25 7500 0.00175507291823
0.26 7800 0.00202532379403
0.27 8100 0.00114172744561
0.28 8400 0.00164993017137
0.29 8700 0.00129109336639
0.3 9000 0.00139405769087
0.31 9300 0.000995422240948
0.32 9600 0.00137615494382
0.33 9900 0.00100075679641
0.34 10200 0.00135908627024
0.35 10500 0.000945519695502
0.36 10800 0.00158859224134
0.37 11100 0.00107185134125
0.38 11400 0.000928785157359
0.39 11700 0.000339641986199
0.4 12000 0.000827323260462
0.41 12300 0.0008079874212
0.42 12600 0.0010506196525
0.43 12900 0.00138289441985
0.44 13200 0.000903517924953
0.45 13500 0.000736319557557
0.46 13800 0.000815649509179
0.47 14100 0.000892826127067
0.48 14400 0.00101102599268
0.49 14700 0.00063142563629
0.5 15000 0.00119083359389
0.51 15300 0.00103842537759
0.52 15600 0.000976526866081
0.53 15900 0.000708619339703
0.54 16200 0.000776829960469
0.55 16500 0.000842978469228
0.56 16800 0.000985951767315
0.57 17094 0.000891859404374
0.58 17400 0.000800200457538
0.59 17700 0.000786823857446
0.6 18000 0.000589706240248
0.61 18300 0.000977646448125
0.62 18600 0.000748622602954
0.63 18900 0.00101618906208
0.64 19200 0.000484137094216
0.65 19500 0.00061255583608
0.66 19800 0.000569800083078
0.67 20100 0.000692242248966
0.68 20400 0.000423014328274
0.69 20694 0.00102495161444
0.7 21000 0.000726049344499
0.71 21300 0.000592024314222
0.72 21600 0.000491728071614
0.73 21900 0.000424338810943
0.74 22200 0.000627749976638
0.75 22500 0.000589849399336
0.76 22800 0.000553270350491
0.77 23100 0.000402446597769
0.78 23400 0.000453736485904
0.79 23700 0.00053225242539
0.8 24000 0.000304433543233
0.81 24300 0.000573787559594
0.82 24600 0.000673913608407
0.83 24900 0.000559671522155
0.84 25200 0.000342667623323
0.85 25500 0.000494968254705
0.86 25800 0.000591718192478
0.87 26100 0.000356312970759
0.88 26400 0.000553302023872
0.89 26700 0.000472503579072
0.9 27000 0.000541045142015
0.91 27300 0.000340743132131
0.92 27600 0.000481119875604
0.93 27900 0.000428567866027
0.94 28200 0.000306314331591
0.95 28500 0.000536027577764
0.96 28800 0.000553181332111
0.97 29100 0.000388044580352
0.98 29400 0.00036162478297
0.99 29700 0.00031314406478
1.0 30000 0.00028781476575
