0.0 0 0.142961956063
0.01 300 0.0271512597798
0.02 600 0.0253090045815
0.03 900 0.0173427396398
0.04 1200 0.00682176415179
0.05 1500 0.00841855409169
0.06 1800 0.00742904677021
0.07 2100 0.00610120513139
0.08 2400 0.00590857997494
0.09 2700 0.00480559257189
0.1 3000 0.00282594485353
0.11 3300 0.00432960183115
0.12 3600 0.00289927095268
0.13 3900 0.00268140244954
0.14 4200 0.00356783595803
0.15 4500 0.00189846465475
0.16 4800 0.00204929971506
0.17 5100 0.0035911517935
0.18 5400 0.00255059560441
0.19 5700 0.00207569380854
0.2 6000 0.00229878728946
0.21 6300 0.00219272701102
0.22 6600 0.00149933849288
0.23 6900 0.00191015970399
0.24 7200 0.00155737557284
0.25 7500 0.00114391016691
0.26 7800 0.00135498672016
0.27 8100 0.00130421832586
0.28 8400 0.00125828983958
0.29 8700 0.000836074523545
0.3 9000 0.00161229006017
0.31 9300 0.0013503839377
0.32 9600 0.00110287181173
0.33 9900 0.000735554558008
0.34 10200 0.00116628230795
0.35 10500 0.00113339639528
0.36 10800 0.00140763930247
0.37 11100 0.00148919710276
0.38 11400 0.00121804402675
0.39 11700 0.000735261811069
0.4 12000 0.00132120779621
0.41 12300 0.00118237275632
0.42 12600 0.000788774375119
0.43 12900 0.000923052166847
0.44 13200 0.000802907162486
0.45 13500 0.00098122050251
0.46 13800 0.000864490012622
0.47 14100 0.000845739429735
0.48 14400 0.000919747967391
0.49 14700 0.000676492363304
0.5 15000 0.00088335797611
0.51 15300 0.000693399270165
0.52 15600 0.000976770450071
0.53 15900 0.00124893177305
0.54 16200 0.00085866806248
0.55 16500 0.000642468953534
0.56 16800 0.000710450737303
0.57 17094 0.000852977168514
0.58 17400 0.000952101245727
0.59 17700 0.000599505994294
0.6 18000 0.000737173262799
0.61 18300 0.000760923093832
0.62 18600 0.000784252710424
0.63 18900 0.000421407698192
0.64 19200 0.000897636944446
0.65 19500 0.000442585573368
0.66 19800 0.00103694036476
0.67 20100 0.000528354868226
0.68 20400 0.00090934009881
0.69 20694 0.000705087934476
0.7 21000 0.000726129367229
0.71 21300 0.000280609304443
0.72 21600 0.000583489867965
0.73 21900 0.000515038406527
0.74 22200 0.000508329513305
0.75 22500 0.000589930831058
0.76 22800 0.000553318634103
0.77 23100 0.000430942046305
0.78 23400 0.000425526283102
0.79 23700 0.000727959200776
0.8 24000 0.000635940563071
0.81 24300 0.000382426045022
0.82 24600 0.000512591400192
0.83 24900 0.000453334256375
0.84 25200 0.000447886664494
0.85 25500 0.000599016099525
0.86 25800 0.000489161684346
0.87 26100 0.000432650106326
0.88 26400 0.00052800094819
0.89 26700 0.000571911903528
0.9 27000 0.000344363888251
0.91 27300 0.000340655585603
0.92 27600 0.000481276229378
0.93 27900 0.000404647359477
0.94 28200 0.000494372747032
0.95 28500 0.000605374243742
0.96 28800 0.000437919935006
0.97 29100 0.000433786012276
0.98 29400 0.000497146104156
0.99 29700 0.000402524884231
1.0 30000 0.000486834653947
