0.0 0 0.147388992875
0.01 300 0.0327449696427
0.02 600 0.0148289129312
0.03 900 0.0193046655944
0.04 1200 0.0113699276989
0.05 1500 0.00880668770366
0.06 1800 0.00744083832098
0.07 2100 0.00489456685428
0.08 2400 0.00483707317073
0.09 2700 0.00361156080767
0.1 3000 0.00516065242766
0.11 3300 0.00529228793814
0.12 3600 0.00415649718895
0.13 3900 0.00251928804737
0.14 4200 0.0031081035641
0.15 4500 0.00174853005151
0.16 4800 0.00286470027423
0.17 5100 0.00384217657123
0.18 5400 0.00243142867035
0.19 5700 0.00230567552918
0.2 6000 0.00153686757548
0.21 6300 0.00270638494439
0.22 6600 0.00169767488059
0.23 6900 0.00257536242337
0.24 7200 0.00155815770613
0.25 7500 0.00114421210509
0.26 7800 0.00186010628919
0.27 8100 0.00130371667715
0.28 8400 0.00180524201347
0.29 8700 0.00159216971398
0.3 9000 0.00139426851119
0.31 9300 0.00120730336183
0.32 9600 0.00130783896986
0.33 9900 0.00146620613615
0.34 10200 0.000973530488358
0.35 10500 0.00150867556968
0.36 10800 0.00158968147137
0.37 11100 0.00136811942795
0.38 11400 0.00115990169993
0.39 11700 0.00130023803979
0.4 12000 0.0010480715578
0.41 12300 0.00102193911445
0.42 12600 0.00078795337157
0.43 12900 0.000462119514002
0.44 13200 0.00105378536963
0.45 13500 0.000687111218959
0.46 13800 0.00095956229278
0.47 14100 0.000938885828455
0.48 14400 0.000552652095735
0.49 14700 0.00067627264783
0.5 15000 0.000882574531649
0.51 15300 0.000779385902052
0.52 15600 0.000722200853293
0.53 15900 0.000916493159388
0.54 16200 0.00098093784756
0.55 16500 0.000722961412777
0.56 16800 0.000789112541387
0.57 17094 0.000891254548926
0.58 17400 0.000952231705202
0.59 17700 0.000824134012073
0.6 18000 0.000993356587162
0.61 18300 0.000652292371509
0.62 18600 0.000641591088363
0.63 18900 0.00059678843908
0.64 19200 0.000621719302829
0.65 19500 0.000340727607773
0.66 19800 0.000636518591833
0.67 20100 0.000725394981047
0.68 20400 0.000715323399374
0.69 20694 0.000609203726233
0.7 21000 0.000600698059573
0.71 21300 0.00062316313426
0.72 21600 0.000614833025569
0.73 21900 0.000454448088647
0.74 22200 0.000597871292172
0.75 22500 0.000648534877082
0.76 22800 0.000553191409546
0.77 23100 0.000603480957848
0.78 23400 0.000538940934299
0.79 23700 0.000699920445954
0.8 24000 0.000498017254528
0.81 24300 0.000682394279308
0.82 24600 0.000620272829981
0.83 24900 0.000506780672309
0.84 25200 0.000447915290223
0.85 25500 0.0003907837543
0.86 25800 0.000488940836801
0.87 26100 0.000483328326412
0.88 26400 0.000302063565103
0.89 26700 0.000398209851187
0.9 27000 0.000442982562214
0.91 27300 0.000486578656613
0.92 27600 0.000409210815962
0.93 27900 0.000452326385044
0.94 28200 0.000470546538974
0.95 28500 0.000535985173173
0.96 28800 0.000438085429512
0.97 29100 0.000501983376143
0.98 29400 0.000406697476666
0.99 29700 0.000380310759213
1.0 30000 0.000509131330501
