0.0 0 0.156459939229
0.01 300 0.0330554042494
0.02 600 0.0177806001518
0.03 900 0.0174189747236
0.04 1200 0.00890013659158
0.05 1500 0.00844412056039
0.06 1800 0.0073676924672
0.07 2100 0.00731961790301
0.08 2400 0.00565150327017
0.09 2700 0.00383897936406
0.1 3000 0.0053581818741
0.11 3300 0.0043319639527
0.12 3600 0.00344380003289
0.13 3900 0.00301524280466
0.14 4200 0.00295969339989
0.15 4500 0.00233286870454
0.16 4800 0.00259036689975
0.17 5100 0.00282991200551
0.18 5400 0.00291673227072
0.19 5700 0.00309955781992
0.2 6000 0.00208238421935
0.21 6300 0.00187644540804
0.22 6600 0.00139969366506
0.23 6900 0.00143426678699
0.24 7200 0.00173912404007
0.25 7500 0.0014890912464
0.26 7800 0.00152221649556
0.27 8100 0.0016289280058
0.28 8400 0.00110167729614
0.29 8700 0.00121336922026
0.3 9000 0.00146677437677
0.31 9300 0.00127812510959
0.32 9600 0.00171789390513
0.33 9900 0.00120224247002
0.34 10200 0.00123018833953
0.35 10500 0.00132292321388
0.36 10800 0.00122290123548
0.37 11100 0.00119165491134
0.38 11400 0.00104488548932
0.39 11700 0.00107535345051
0.4 12000 0.00110342311901
0.41 12300 0.00118296030916
0.42 12600 0.000736085032613
0.43 12900 0.00117855716867
0.44 13200 0.000852913878583
0.45 13500 0.000931592910121
0.46 13800 0.000864557671942
0.47 14100 0.00136040618714
0.48 14400 0.00142320810277
0.49 14700 0.000811369354923
0.5 15000 0.00101540546487
0.51 15300 0.000995742078043
0.52 15600 0.000933841325297
0.53 15900 0.000542099321753
0.54 16200 0.00138768427704
0.55 16500 0.00072296953765
0.56 16800 0.000671337438634
0.57 17094 0.00089190092738
0.58 17400 0.000914222988754
0.59 17700 0.000524732699248
0.6 18000 0.000478928536807
0.61 18300 0.000580131022021
0.62 18600 0.000356920728244
0.63 18900 0.000491823785356
0.64 19200 0.000828765017479
0.65 19500 0.000646604810661
0.66 19800 0.000402589074381
0.67 20100 0.000594295205296
0.68 20400 0.000747640227651
0.69 20694 0.000288620332185
0.7 21000 0.000600610952196
0.71 21300 0.000623186590325
0.72 21600 0.000645087322182
0.73 21900 0.000757326709725
0.74 22200 0.000448681378936
0.75 22500 0.000883701475794
0.76 22800 0.000581935922855
0.77 23100 0.000517159703317
0.78 23400 0.000397302001592
0.79 23700 0.000588140757446
0.8 24000 0.000774279755847
0.81 24300 0.000437388856373
0.82 24600 0.00064726923044
0.83 24900 0.000559782978753
0.84 25200 0.000369166525163
0.85 25500 0.000468581647573
0.86 25800 0.000668944314414
0.87 26100 0.000534066832994
0.88 26400 0.00025176917656
0.89 26700 0.00069566490104
0.9 27000 0.00036899765454
0.91 27300 0.000486514656233
0.92 27600 0.000457239860023
0.93 27900 0.000523625401396
0.94 28200 0.000612125165505
0.95 28500 0.000442839760708
0.96 28800 0.000460969627817
0.97 29100 0.000547619007647
0.98 29400 0.000542180874732
0.99 29700 0.000402506800236
1.0 30000 0.000332260080297
