0.0 0 0.0
0.01 0 -0.120359467456
0.02 0 -0.109425952296
0.03 0 -0.106036796875
0.04 0 -0.105049039781
0.05 0 -0.103628422497
0.06 0 -0.102813023929
0.07 0 -0.102223104056
0.08 0 -0.102359935441
0.09 0 -0.101918729844
0.1 0 -0.101696218733
0.11 0 -0.101812597175
0.12 0 -0.101554339644
0.13 0 -0.101358722083
0.14 0 -0.101104037396
0.15 0 -0.101221441273
0.16 0 -0.101126489629
0.17 0 -0.100919665111
0.18 0 -0.101067480217
0.19 0 -0.100927224839
0.2 0 -0.100878436554
0.21 0 -0.101710426285
0.22 0 -0.101777315131
0.23 0 -0.10163901184
0.24 0 -0.101497808772
0.25 0 -0.101411151069
0.26 0 -0.101447341097
0.27 0 -0.101329217679
0.28 0 -0.101253143989
0.29 0 -0.101365881633
0.3 0 -0.101221080083
0.31 0 -0.101126689829
0.32 0 -0.101066949399
0.33 0 -0.101139324086
0.34 0 -0.101044886486
0.35 0 -0.100991713597
0.36 0 -0.101097761349
0.37 0 -0.101004097435
0.38 0 -0.100939752478
0.39 0 -0.100867096288
0.4 0 -0.100917639539
0.41 0 -0.10137703875
0.42 0 -0.101295899135
0.43 0 -0.101258495962
0.44 0 -0.101270026919
0.45 0 -0.101219564324
0.46 0 -0.101172948132
0.47 0 -0.101205672801
0.48 0 -0.101163329397
0.49 0 -0.101104619928
0.5 0 -0.101060250865
0.51 0 -0.101091428485
0.52 0 -0.101049994132
0.53 0 -0.101009088596
0.54 0 -0.101060742515
0.55 0 -0.101007183818
0.56 0 -0.100958249805
0.57 0 -0.100930162566
0.58 0 -0.100976766586
0.59 0 -0.10094110252
0.6 0 -0.100900742644
0.61 0 -0.101169705782
0.62 0 -0.101207341507
0.63 0 -0.101157769974
0.64 0 -0.101147478243
0.65 0 -0.101160400478
0.66 0 -0.101146177815
0.67 0 -0.101106491413
0.68 0 -0.101049816216
0.69 0 -0.10108193238
0.7 0 -0.101078756415
0.71 0 -0.10103580725
0.72 0 -0.101084980477
0.73 0 -0.101027254026
0.74 0 -0.100980608679
0.75 0 -0.100950231187
0.76 0 -0.101001849087
0.77 0 -0.100952450437
0.78 0 -0.100919812146
0.79 0 -0.100910722336
0.8 0 -0.100919222908
0.81 0 -0.100902750397
0.82 0 -0.101106410606
0.83 0 -0.101133736462
0.84 0 -0.101108234516
0.85 0 -0.101089005002
0.86 0 -0.101050306998
0.87 0 -0.101095762511
0.88 0 -0.101047527164
0.89 0 -0.101027885895
0.9 0 -0.101061014077
0.91 0 -0.101054928842
0.92 0 -0.101039141527
0.93 0 -0.100990208807
0.94 0 -0.101014341417
0.95 0 -0.100965762084
0.96 0 -0.100962294126
0.97 0 -0.10092129577
0.98 0 -0.100957604804
0.99 0 -0.100945606824
1.0 0 -0.10095646057
