0.0 0 0.0
0.01 0 -0.00804655612245
0.02 0 -0.00421804399524
0.03 0 -0.00285717975207
0.04 0 -0.00196771760988
0.05 0 -0.00171621621622
0.06 0 -0.000117510932363
0.07 0 -7.08067866228e-05
0.08 0 -4.54521177162e-05
0.09 0 -2.85457784511e-05
0.1 0 -6.69036039407e-05
0.11 0 -0.000753136094675
0.12 0 -0.00063137075977
0.13 0 -0.000613816832518
0.14 0 -0.000589185658296
0.15 0 -0.00053774018432
0.16 0 -2.61020313696e-05
0.17 0 -3.1535415092e-05
0.18 0 -3.4773948295e-05
0.19 0 -2.65784543031e-05
0.2 0 -5.41101248172e-05
0.21 0 -0.000391437743613
0.22 0 -0.000364252041853
0.23 0 -0.00038354395817
0.24 0 -0.0003299348646
0.25 0 -0.000310784032374
0.26 0 -4.41927794347e-06
0.27 0 -6.51651104034e-06
0.28 0 -8.22447256652e-06
0.29 0 -2.56542037795e-05
0.3 0 -1.79434953098e-05
0.31 0 -0.000249146006032
0.32 0 -0.000260470508027
0.33 0 -0.000239115396775
0.34 0 -0.000246531955709
0.35 0 -0.000261394173897
0.36 0 -1.71923438399e-05
0.37 0 -1.42248200902e-05
0.38 0 -1.79419106182e-05
0.39 0 -1.8817805698e-05
0.4 0 -2.68715493884e-05
0.41 0 -0.000196353310033
0.42 0 -0.000182507619889
0.43 0 -0.000192570090703
0.44 0 -0.000196775279133
0.45 0 -0.000172593809387
0.46 0 -5.84223590817e-05
0.47 0 -4.07736282936e-05
0.48 0 -1.90136041859e-05
0.49 0 -1.61665544809e-06
0.5 0 -1.70300082758e-05
0.51 0 -0.000161097323963
0.52 0 -0.000166098732007
0.53 0 -0.000152399094866
0.54 0 -0.000144069973292
0.55 0 -0.00014343161126
0.56 0 -3.40297598619e-05
0.57 0 -1.27819554125e-05
0.58 0 -1.6682719092e-05
0.59 0 -9.95063046018e-06
0.6 0 -2.61404102126e-05
0.61 0 -0.000128586886847
0.62 0 -0.000127477108932
0.63 0 -0.000125948554434
0.64 0 -0.000120829085873
0.65 0 -0.000124298504658
0.66 0 -2.39006316575e-05
0.67 0 -8.28639973349e-06
0.68 0 -1.20266580904e-05
0.69 0 -2.44998036157e-06
0.7 0 -4.82377081704e-06
0.71 0 -0.000119273135022
0.72 0 -0.000109928047598
0.73 0 -0.000112294817872
0.74 0 -0.000108099160336
0.75 0 -0.000102363954319
0.76 0 -0.000134031101782
0.77 0 -6.22708961469e-06
0.78 0 -1.12748179668e-05
0.79 0 -2.23934156486e-05
0.8 0 -1.20004407147e-05
0.81 0 -1.72733343975e-05
0.82 0 -9.88272818176e-05
0.83 0 -0.000110604556259
0.84 0 -0.000102088476658
0.85 0 -9.46783304995e-05
0.86 0 -9.57854585281e-05
0.87 0 -3.42555159416e-05
0.88 0 -5.61413252266e-06
0.89 0 -2.30937195306e-06
0.9 0 -3.80101747689e-06
0.91 0 -3.37755873121e-05
0.92 0 -0.000107211959839
0.93 0 -9.09720572453e-05
0.94 0 -9.74840304757e-05
0.95 0 -9.23414443328e-05
0.96 0 -9.83835168446e-05
0.97 0 -1.521815924e-05
0.98 0 -2.80511566938e-06
0.99 0 -3.07348789856e-06
1.0 0 -2.48361278328e-05
