0.0 0 0.0
0.01 0 0.0784084287201
0.02 0 0.0844549004787
0.03 0 0.0864426592798
0.04 0 0.0848951721191
0.05 0 0.0858269921875
0.06 0 0.0866725802951
0.07 0 0.0841662248884
0.08 0 0.0849629211426
0.09 0 0.0854996021412
0.1 0 0.0850417212566
0.11 0 0.0854881750114
0.12 0 0.0858905481531
0.13 0 0.0854339071908
0.14 0 0.0849893676123
0.15 0 0.0853794178794
0.16 0 0.0850821719481
0.17 0 0.0853673637108
0.18 0 0.0856452583781
0.19 0 0.0853549813699
0.2 0 0.0856090521443
0.21 0 0.085285474029
0.22 0 0.0850622708058
0.23 0 0.0852984887964
0.24 0 0.0854996147641
0.25 0 0.0853147996027
0.26 0 0.0855013006227
0.27 0 0.085648391875
0.28 0 0.085085017284
0.29 0 0.0852650087955
0.3 0 0.085427049078
0.31 0 0.0852528488173
0.32 0 0.0854309254175
0.33 0 0.0855626047662
0.34 0 0.0850803733984
0.35 0 0.0852428108642
0.36 0 0.0853664836712
0.37 0 0.0852443838712
0.38 0 0.0853788669804
0.39 0 0.0854906830837
0.4 0 0.0853746079527
0.41 0 0.0852126065842
0.42 0 0.0853409314129
0.43 0 0.0852248551646
0.44 0 0.0853326284508
0.45 0 0.0854355273093
0.46 0 0.0853366554054
0.47 0 0.0854438922045
0.48 0 0.0853130517727
0.49 0 0.0852186326384
0.5 0 0.0853131611455
0.51 0 0.0854072557258
0.52 0 0.0853102576021
0.53 0 0.0854047350814
0.54 0 0.0854912901796
0.55 0 0.0851954534808
0.56 0 0.0852774336301
0.57 0 0.0853729754167
0.58 0 0.0854627584472
0.59 0 0.0853764294621
0.6 0 0.0854635086848
0.61 0 0.085352813832
0.62 0 0.0852742613497
0.63 0 0.0853424092425
0.64 0 0.0854310346171
0.65 0 0.0853554646877
0.66 0 0.0854140419544
0.67 0 0.0854936128681
0.68 0 0.0852587714869
0.69 0 0.0853371182266
0.7 0 0.0853938837786
0.71 0 0.0853231721624
0.72 0 0.0854035212728
0.73 0 0.0854712869556
0.74 0 0.0853929482687
0.75 0 0.0853187077328
0.76 0 0.0853699780149
0.77 0 0.0853197152193
0.78 0 0.0853819410743
0.79 0 0.0854364415711
0.8 0 0.0853809854567
0.81 0 0.085438936226
0.82 0 0.0853534206414
0.83 0 0.0852975809031
0.84 0 0.0853575539762
0.85 0 0.0854101107113
0.86 0 0.0853615698807
0.87 0 0.0854168910935
0.88 0 0.0853464603129
0.89 0 0.0852873267503
0.9 0 0.0853449382981
0.91 0 0.0853963483835
0.92 0 0.0853437436655
0.93 0 0.0853908306509
0.94 0 0.0854462308586
0.95 0 0.085281075894
0.96 0 0.0853168872822
0.97 0 0.0853764946478
0.98 0 0.0853310043375
0.99 0 0.0853799722502
1.0 0 0.0854287776924
