0.0 0 0.0
0.01 0 0.160859963269
0.02 0 0.159670523356
0.03 0 0.159298095956
0.04 0 0.159161783239
0.05 0 0.159096043971
0.06 0 0.15754380499
0.07 0 0.159354943958
0.08 0 0.159172711878
0.09 0 0.159163961291
0.1 0 0.159079354472
0.11 0 0.158314006233
0.12 0 0.158314240093
0.13 0 0.158333780247
0.14 0 0.159142993136
0.15 0 0.159097623635
0.16 0 0.158552312064
0.17 0 0.158548206187
0.18 0 0.158557605848
0.19 0 0.158555234384
0.2 0 0.158542383222
0.21 0 0.1586994257
0.22 0 0.158682396252
0.23 0 0.158672706339
0.24 0 0.158676812041
0.25 0 0.158669205927
0.26 0 0.158352303086
0.27 0 0.158341779862
0.28 0 0.158758384001
0.29 0 0.158757781126
0.3 0 0.158745711755
0.31 0 0.15846672237
0.32 0 0.158483133414
0.33 0 0.158470261755
0.34 0 0.158806775863
0.35 0 0.158803202845
0.36 0 0.158563337511
0.37 0 0.158554833418
0.38 0 0.158564239463
0.39 0 0.158566887702
0.4 0 0.158569541009
0.41 0 0.1586350416
0.42 0 0.158628638164
0.43 0 0.158632855852
0.44 0 0.158627008115
0.45 0 0.158630782137
0.46 0 0.158448011526
0.47 0 0.158446965044
0.48 0 0.158677830054
0.49 0 0.158682801186
0.5 0 0.158672721133
0.51 0 0.158508596697
0.52 0 0.158498723949
0.53 0 0.158513065962
0.54 0 0.15849894148
0.55 0 0.158716508704
0.56 0 0.158565824033
0.57 0 0.158566353348
0.58 0 0.158551054228
0.59 0 0.158565074357
0.6 0 0.15856498689
0.61 0 0.158608306745
0.62 0 0.158609642597
0.63 0 0.158613858618
0.64 0 0.158612205801
0.65 0 0.158605407094
0.66 0 0.158481968967
0.67 0 0.158483928932
0.68 0 0.158638762988
0.69 0 0.158646291557
0.7 0 0.158644130428
0.71 0 0.15852938364
0.72 0 0.158531733257
0.73 0 0.158531962411
0.74 0 0.158531918153
0.75 0 0.158678442765
0.76 0 0.158671830007
0.77 0 0.158566702714
0.78 0 0.158570496071
0.79 0 0.158564019848
0.8 0 0.158564802842
0.81 0 0.158569947022
0.82 0 0.158603101505
0.83 0 0.158595922631
0.84 0 0.15859669365
0.85 0 0.158602643022
0.86 0 0.158594104038
0.87 0 0.158507669418
0.88 0 0.158627127595
0.89 0 0.158629758959
0.9 0 0.158625157119
0.91 0 0.158629691324
0.92 0 0.158539751918
0.93 0 0.158539228144
0.94 0 0.158538751518
0.95 0 0.158652176811
0.96 0 0.158656025125
0.97 0 0.158567520328
0.98 0 0.158567295533
0.99 0 0.158567038224
1.0 0 0.15856639764
