0.0 0 0.0
0.01 0 0.221429012346
0.02 0 0.224867517358
0.03 0 0.221858858859
0.04 0 0.2234375
0.05 0 0.223159528592
0.06 0 0.221930555556
0.07 0 0.222838940982
0.08 0 0.221946728792
0.09 0 0.2219671338
0.1 0 0.222557297297
0.11 0 0.22195610162
0.12 0 0.222477389219
0.13 0 0.22245849992
0.14 0 0.221982348967
0.15 0 0.222383242327
0.16 0 0.221954174177
0.17 0 0.221991563366
0.18 0 0.222330920747
0.19 0 0.221981649816
0.2 0 0.222291832557
0.21 0 0.222280517906
0.22 0 0.22198055135
0.23 0 0.222254460844
0.24 0 0.221991214678
0.25 0 0.221993972041
0.26 0 0.2222275034
0.27 0 0.221982900467
0.28 0 0.222204138687
0.29 0 0.222183155003
0.3 0 0.221994100999
0.31 0 0.222184846125
0.32 0 0.221984768419
0.33 0 0.221992689777
0.34 0 0.22217279314
0.35 0 0.221998552804
0.36 0 0.222165027542
0.37 0 0.222158819879
0.38 0 0.221989577989
0.39 0 0.222147624736
0.4 0 0.221998984911
0.41 0 0.22199663337
0.42 0 0.2221343583
0.43 0 0.221998082613
0.44 0 0.222134794496
0.45 0 0.22212876329
0.46 0 0.221995669988
0.47 0 0.222119404636
0.48 0 0.22199263035
0.49 0 0.221983185502
0.5 0 0.22211446691
0.51 0 0.22199793495
0.52 0 0.222111494671
0.53 0 0.222109167133
0.54 0 0.221997300559
0.55 0 0.222099808171
0.56 0 0.221998322167
0.57 0 0.221992563978
0.58 0 0.222096848181
0.59 0 0.221989747295
0.6 0 0.2220974401
0.61 0 0.222095484449
0.62 0 0.221998895856
0.63 0 0.222092908769
0.64 0 0.221996722982
0.65 0 0.22199738928
0.66 0 0.222083961904
0.67 0 0.221998785644
0.68 0 0.222085893803
0.69 0 0.222083198624
0.7 0 0.221999380556
0.71 0 0.222081426138
0.72 0 0.221998992782
0.73 0 0.221998210169
0.74 0 0.222076948845
0.75 0 0.221994705867
0.76 0 0.222072823324
0.77 0 0.221997136917
0.78 0 0.221997368818
0.79 0 0.222070385712
0.8 0 0.22199695683
0.81 0 0.222071172032
0.82 0 0.222065162618
0.83 0 0.221997022089
0.84 0 0.222068364143
0.85 0 0.221993512217
0.86 0 0.221999028596
0.87 0 0.222067822184
0.88 0 0.22199479317
0.89 0 0.22206615074
0.9 0 0.222058921528
0.91 0 0.221998320376
0.92 0 0.222061731574
0.93 0 0.221999565553
0.94 0 0.221993480308
0.95 0 0.222057812333
0.96 0 0.221996153509
0.97 0 0.222060348413
0.98 0 0.222056149907
0.99 0 0.221994134518
1.0 0 0.222056959663
