0.0 0 0.0
0.01 0 0.286199099723
0.02 0 0.281699293228
0.03 0 0.280272874174
0.04 0 0.2784914601
0.05 0 0.278302275245
0.06 0 0.278153456533
0.07 0 0.277476928429
0.08 0 0.277487957659
0.09 0 0.277496204709
0.1 0 0.277493157586
0.11 0 0.278233886895
0.12 0 0.278192815432
0.13 0 0.278141067616
0.14 0 0.277785900677
0.15 0 0.27777030647
0.16 0 0.277754076104
0.17 0 0.277486030285
0.18 0 0.277493796159
0.19 0 0.277496139727
0.2 0 0.27749598893
0.21 0 0.277898949049
0.22 0 0.277878383538
0.23 0 0.277848553315
0.24 0 0.277666429973
0.25 0 0.277667481835
0.26 0 0.277658173418
0.27 0 0.277653680866
0.28 0 0.277489526858
0.29 0 0.277496827538
0.3 0 0.277497928924
0.31 0 0.277763134732
0.32 0 0.277760620768
0.33 0 0.277754467249
0.34 0 0.277621715841
0.35 0 0.277619290751
0.36 0 0.277613298122
0.37 0 0.277611953779
0.38 0 0.27748926157
0.39 0 0.277492092279
0.4 0 0.277496637779
0.41 0 0.277703009711
0.42 0 0.277699168864
0.43 0 0.2776904473
0.44 0 0.277593046837
0.45 0 0.277590220687
0.46 0 0.277587271388
0.47 0 0.277585440391
0.48 0 0.277493753047
0.49 0 0.277496333032
0.5 0 0.277499112846
0.51 0 0.277663901865
0.52 0 0.277656483008
0.53 0 0.277655108002
0.54 0 0.277655089297
0.55 0 0.277572507627
0.56 0 0.277570351422
0.57 0 0.277570955933
0.58 0 0.27749802423
0.59 0 0.277494094262
0.6 0 0.277499600204
0.61 0 0.277634170648
0.62 0 0.277634166961
0.63 0 0.277630742491
0.64 0 0.277630649294
0.65 0 0.277562122819
0.66 0 0.277561546824
0.67 0 0.277561713023
0.68 0 0.277499757481
0.69 0 0.277496031726
0.7 0 0.277492334185
0.71 0 0.277616668482
0.72 0 0.277616315974
0.73 0 0.277611884676
0.74 0 0.277611858962
0.75 0 0.277553657583
0.76 0 0.277551835907
0.77 0 0.277551304639
0.78 0 0.277499082347
0.79 0 0.277499814705
0.8 0 0.277498554835
0.81 0 0.277498373135
0.82 0 0.277596863897
0.83 0 0.277600011197
0.84 0 0.277596581571
0.85 0 0.277544075297
0.86 0 0.277546106292
0.87 0 0.277544918679
0.88 0 0.277499420839
0.89 0 0.277498425383
0.9 0 0.277499426158
0.91 0 0.277498626973
0.92 0 0.277589585254
0.93 0 0.277589174998
0.94 0 0.277589156874
0.95 0 0.277539721364
0.96 0 0.277539495415
0.97 0 0.277538734774
0.98 0 0.277496188025
0.99 0 0.277498408411
1.0 0 0.277497384546
