0.0 0 0.0
0.01 0 0.330215645449
0.02 0 0.33165190884
0.03 0 0.326733088
0.04 0 0.32832077163
0.05 0 0.326639104308
0.06 0 0.327240718401
0.07 0 0.32807163741
0.08 0 0.327047344459
0.09 0 0.327403232275
0.1 0 0.326654730726
0.11 0 0.32722475216
0.12 0 0.326368459073
0.13 0 0.326897934026
0.14 0 0.327321859526
0.15 0 0.326653413958
0.16 0 0.327048983135
0.17 0 0.326630333024
0.18 0 0.326829093006
0.19 0 0.326465198206
0.2 0 0.326792511746
0.21 0 0.326956425049
0.22 0 0.326636475676
0.23 0 0.32691073577
0.24 0 0.326500620285
0.25 0 0.326763298241
0.26 0 0.326504744593
0.27 0 0.326639351821
0.28 0 0.32686534787
0.29 0 0.32653337066
0.3 0 0.326748988285
0.31 0 0.326528477149
0.32 0 0.326641221653
0.33 0 0.326440673039
0.34 0 0.326632160497
0.35 0 0.326733818705
0.36 0 0.326541856805
0.37 0 0.326718918929
0.38 0 0.3264701608
0.39 0 0.326634606447
0.4 0 0.326466747797
0.41 0 0.326559611376
0.42 0 0.326710510377
0.43 0 0.326552917496
0.44 0 0.326638610811
0.45 0 0.326480870664
0.46 0 0.326630398948
0.47 0 0.326428224915
0.48 0 0.326566486751
0.49 0 0.326696460055
0.5 0 0.326506210361
0.51 0 0.326632242924
0.52 0 0.326505660446
0.53 0 0.326573135014
0.54 0 0.326449521056
0.55 0 0.326566793461
0.56 0 0.326634364162
0.57 0 0.326519149263
0.58 0 0.326582450497
0.59 0 0.326467585146
0.6 0 0.326578905345
0.61 0 0.326637016214
0.62 0 0.326530465413
0.63 0 0.326631052617
0.64 0 0.326483721786
0.65 0 0.326583849493
0.66 0 0.326484273501
0.67 0 0.326537872221
0.68 0 0.326630724302
0.69 0 0.326534762464
0.7 0 0.326588269989
0.71 0 0.326494907797
0.72 0 0.326585960018
0.73 0 0.326457505698
0.74 0 0.326544483879
0.75 0 0.326628858728
0.76 0 0.326505529748
0.77 0 0.326591224951
0.78 0 0.326504617499
0.79 0 0.326552613719
0.8 0 0.326469615063
0.81 0 0.326549860114
0.82 0 0.326595253447
0.83 0 0.326514832791
0.84 0 0.326557935975
0.85 0 0.326481453929
0.86 0 0.326556296698
0.87 0 0.326448391748
0.88 0 0.326522855562
0.89 0 0.326595889891
0.9 0 0.326490684812
0.91 0 0.326560561055
0.92 0 0.326489705759
0.93 0 0.326529582042
0.94 0 0.326458817544
0.95 0 0.326529049652
0.96 0 0.326565712961
0.97 0 0.32649902306
0.98 0 0.326564949151
0.99 0 0.326470221375
1.0 0 0.326535355604
