0.0 0 0.0
0.01 0 0.381966468361
0.02 0 0.375862474174
0.03 0 0.373342401286
0.04 0 0.372489578346
0.05 0 0.371980105105
0.06 0 0.371372413647
0.07 0 0.371169818343
0.08 0 0.370827343781
0.09 0 0.3707349125
0.1 0 0.370661618483
0.11 0 0.370449036262
0.12 0 0.370404312026
0.13 0 0.370252289843
0.14 0 0.370231506793
0.15 0 0.37021973269
0.16 0 0.370097509784
0.17 0 0.370097592876
0.18 0 0.369995444209
0.19 0 0.369998733436
0.2 0 0.369994360616
0.21 0 0.370553055748
0.22 0 0.37052478765
0.23 0 0.370429421449
0.24 0 0.370409826551
0.25 0 0.37039205211
0.26 0 0.370317374084
0.27 0 0.370307525796
0.28 0 0.370235915765
0.29 0 0.370228036439
0.3 0 0.370217867035
0.31 0 0.370159373556
0.32 0 0.3701526008
0.33 0 0.370094602034
0.34 0 0.370091523587
0.35 0 0.37009351688
0.36 0 0.370044212368
0.37 0 0.370041054286
0.38 0 0.370042521777
0.39 0 0.369997032317
0.4 0 0.369998590154
0.41 0 0.370282924676
0.42 0 0.370276402242
0.43 0 0.370269608219
0.44 0 0.370224843336
0.45 0 0.370220741526
0.46 0 0.370179587841
0.47 0 0.37017635743
0.48 0 0.370172565173
0.49 0 0.37013488212
0.5 0 0.370132429309
0.51 0 0.370095767067
0.52 0 0.370094740892
0.53 0 0.37009228559
0.54 0 0.370061157844
0.55 0 0.370059643815
0.56 0 0.370027800402
0.57 0 0.370028040473
0.58 0 0.370028222169
0.59 0 0.369999499087
0.6 0 0.369999220636
0.61 0 0.370188203706
0.62 0 0.370187237025
0.63 0 0.370183312132
0.64 0 0.370154461619
0.65 0 0.370152608541
0.66 0 0.370125732528
0.67 0 0.370123358875
0.68 0 0.370120674516
0.69 0 0.370095860475
0.7 0 0.370094382707
0.71 0 0.370069144792
0.72 0 0.370068336784
0.73 0 0.370068162472
0.74 0 0.370044696858
0.75 0 0.370042327505
0.76 0 0.370043001018
0.77 0 0.370019662216
0.78 0 0.370020829232
0.79 0 0.369999586179
0.8 0 0.369999263035
0.81 0 0.369999528441
0.82 0 0.370141129888
0.83 0 0.370138175329
0.84 0 0.370118540757
0.85 0 0.370115995128
0.86 0 0.370115233603
0.87 0 0.370093526144
0.88 0 0.370092917762
0.89 0 0.370074595521
0.9 0 0.370073014316
0.91 0 0.370072499884
0.92 0 0.370053814744
0.93 0 0.370052754446
0.94 0 0.370034234189
0.95 0 0.3700343684
0.96 0 0.370034426711
0.97 0 0.370015504652
0.98 0 0.370016482333
0.99 0 0.369998876574
1.0 0 0.369999503175
