0.0 0 0.0
0.01 0 0.415017249527
0.02 0 0.415346282807
0.03 0 0.41069244898
0.04 0 0.411944407904
0.05 0 0.409841423771
0.06 0 0.410809133623
0.07 0 0.409480331648
0.08 0 0.410255079111
0.09 0 0.409360874984
0.1 0 0.409917630853
0.11 0 0.409215315632
0.12 0 0.409694143591
0.13 0 0.409113727864
0.14 0 0.409532875091
0.15 0 0.409044054122
0.16 0 0.409412868062
0.17 0 0.408990514583
0.18 0 0.409360513109
0.19 0 0.408946556457
0.2 0 0.409281680625
0.21 0 0.409549992491
0.22 0 0.409216769115
0.23 0 0.409465746742
0.24 0 0.409163018004
0.25 0 0.40939359243
0.26 0 0.40911915416
0.27 0 0.409360518853
0.28 0 0.409080109143
0.29 0 0.409305577819
0.3 0 0.40904576631
0.31 0 0.409259452509
0.32 0 0.409016493915
0.33 0 0.409218299502
0.34 0 0.408990094392
0.35 0 0.40917993071
0.36 0 0.40898689908
0.37 0 0.409147051986
0.38 0 0.408965477525
0.39 0 0.409118441115
0.4 0 0.408947075614
0.41 0 0.409092257783
0.42 0 0.409249135674
0.43 0 0.409068252424
0.44 0 0.409217573722
0.45 0 0.409062975828
0.46 0 0.40918979251
0.47 0 0.409041924101
0.48 0 0.409164392
0.49 0 0.409022949596
0.5 0 0.40913911589
0.51 0 0.409003779213
0.52 0 0.409118609052
0.53 0 0.408988357125
0.54 0 0.409112333536
0.55 0 0.408974289843
0.56 0 0.409093163562
0.57 0 0.408960264884
0.58 0 0.409075434924
0.59 0 0.408946952506
0.6 0 0.409058910604
0.61 0 0.409154883658
0.62 0 0.409042487871
0.63 0 0.409148400674
0.64 0 0.409028406527
0.65 0 0.409130285874
0.66 0 0.40901501598
0.67 0 0.409113761804
0.68 0 0.409001968729
0.69 0 0.409098362376
0.7 0 0.408989781344
0.71 0 0.409083648455
0.72 0 0.408988441688
0.73 0 0.409068824338
0.74 0 0.408976599369
0.75 0 0.409056090579
0.76 0 0.408966472517
0.77 0 0.409043929253
0.78 0 0.408956902754
0.79 0 0.409032095588
0.8 0 0.408946284772
0.81 0 0.409030048838
0.82 0 0.409101357948
0.83 0 0.409017535208
0.84 0 0.40908924143
0.85 0 0.409008288741
0.86 0 0.409077178952
0.87 0 0.408998222903
0.88 0 0.409065901211
0.89 0 0.408989201892
0.9 0 0.409063295011
0.91 0 0.408979813233
0.92 0 0.409052136161
0.93 0 0.408971275229
0.94 0 0.409041435474
0.95 0 0.408962940077
0.96 0 0.409032731502
0.97 0 0.408954687322
0.98 0 0.409022797997
0.99 0 0.408954371221
1.0 0 0.409014359845
