./new_config_single/with_0_coupling/Test_config(20%)/test_config0.0.txt
{1: set([1]), 2: set([2]), 3: set([1]), 4: set([2]), 5: set([1]), 6: set([2])}
1 1 0 0 0 0.0 0 0
1 2 0 0 0 0.0 0 0
2 1 0 0 0 0.0 0 0
2 2 0 0 0 0.0 0 0
3 1 0 0 0 0.0 0 0
3 2 0 0 0 0.0 0 0
4 1 0 0 0 0.0 0 0
4 2 0 0 0 0.0 0 0
5 1 0 0 0 0.0 0 0
5 2 0 0 0 0.0 0 0
6 1 0 0 0 0.0 0 0
6 2 0 0 0 0.0 0 0
{1: 0, 2: 0, 3: 0, 4: 0, 5: 0, 6: 0} {1: 0, 2: 0, 3: 0, 4: 0, 5: 0, 6: 0}
0.0 0 0.0
./new_config_single/with_0_coupling/Test_config(20%)/test_config0.01.txt
{1: set([1]), 2: set([2]), 3: set([1]), 4: set([2]), 5: set([1]), 6: set([2])}
1 1 0.107142857143 0 0.0 9.0 84 58
1 2 0.0 0 0.0 0.0 84 0
2 1 0.0 0 0.0 0.0 84 0
2 2 0.107142857143 0 0.0 9.0 84 56
3 1 0.107142857143 0 0.0 9.0 84 56
3 2 0.0 0 0.0 0.0 84 0
4 1 0.0 0 0.0 0.0 84 0
4 2 0.107142857143 0 0.0 9.0 84 57
5 1 0.107142857143 0 0.0 9.0 84 54
5 2 0.0 0 0.0 0.0 84 0
6 1 0.0 0 0.0 0.0 84 0
6 2 0.107142857143 0 0.0 9.0 84 55
{1: 0.10714285714285714, 2: 0.10714285714285714, 3: 0.10714285714285714, 4: 0.10714285714285714, 5: 0.10714285714285714, 6: 0.10714285714285714} {1: 0, 2: 0, 3: 0, 4: 0, 5: 0, 6: 0}
0.01 0 0.214071428571
./new_config_single/with_0_coupling/Test_config(20%)/test_config0.02.txt
{1: set([1]), 2: set([2]), 3: set([1]), 4: set([2]), 5: set([1]), 6: set([2])}
1 1 0.109195402299 0 0.0 19.0 174 119
1 2 0.0 0 0.0 0.0 174 0
2 1 0.0 0 0.0 0.0 174 0
2 2 0.109195402299 0 0.0 19.0 174 129
3 1 0.109195402299 0 0.0 19.0 174 120
3 2 0.0 0 0.0 0.0 174 0
4 1 0.0 0 0.0 0.0 174 0
4 2 0.109195402299 0 0.0 19.0 174 113
5 1 0.109195402299 0 0.0 19.0 174 109
5 2 0.0 0 0.0 0.0 174 0
6 1 0.0 0 0.0 0.0 174 0
6 2 0.109195402299 0 0.0 19.0 174 106
{1: 0.10919540229885058, 2: 0.10919540229885058, 3: 0.10919540229885058, 4: 0.10919540229885058, 5: 0.10919540229885058, 6: 0.10919540229885058} {1: 0, 2: 0, 3: 0, 4: 0, 5: 0, 6: 0}
0.02 0 0.218172413793
./new_config_single/with_0_coupling/Test_config(20%)/test_config0.03.txt
{1: set([1]), 2: set([2]), 3: set([1]), 4: set([2]), 5: set([1]), 6: set([2])}
1 1 0.110266159696 0 0.0 29.0 263 176
1 2 0.0 0 0.0 0.0 264 0
2 1 0.0 0 0.0 0.0 263 0
2 2 0.109848484848 0 0.0 29.0 264 173
3 1 0.110266159696 0 0.0 29.0 263 175
3 2 0.0 0 0.0 0.0 264 0
4 1 0.0 0 0.0 0.0 263 0
4 2 0.109848484848 0 0.0 29.0 264 177
5 1 0.110266159696 0 0.0 29.0 263 175
5 2 0.0 0 0.0 0.0 264 0
6 1 0.0 0 0.0 0.0 263 0
6 2 0.109848484848 0 0.0 29.0 264 178
{1: 0.11026615969581749, 2: 0.10984848484848485, 3: 0.11026615969581749, 4: 0.10984848484848485, 5: 0.11026615969581749, 6: 0.10984848484848485} {1: 0, 2: 0, 3: 0, 4: 0, 5: 0, 6: 0}
0.03 0 0.2198945299
./new_config_single/with_0_coupling/Test_config(20%)/test_config0.04.txt
{1: set([1]), 2: set([2]), 3: set([1]), 4: set([2]), 5: set([1]), 6: set([2])}
1 1 0.110169491525 0 0.0 39.0 354 239
1 2 0.0 0 0.0 0.0 354 0
2 1 0.0 0 0.0 0.0 354 0
2 2 0.110169491525 0 0.0 39.0 354 243
3 1 0.110169491525 0 0.0 39.0 354 234
3 2 0.0 0 0.0 0.0 354 0
4 1 0.0 0 0.0 0.0 354 0
4 2 0.110169491525 0 0.0 39.0 354 232
5 1 0.110169491525 0 0.0 39.0 354 235
5 2 0.0 0 0.0 0.0 354 0
6 1 0.0 0 0.0 0.0 354 0
6 2 0.110169491525 0 0.0 39.0 354 233
{1: 0.11016949152542373, 2: 0.11016949152542373, 3: 0.11016949152542373, 4: 0.11016949152542373, 5: 0.11016949152542373, 6: 0.11016949152542373} {1: 0, 2: 0, 3: 0, 4: 0, 5: 0, 6: 0}
0.04 0 0.220118644068
./new_config_single/with_0_coupling/Test_config(20%)/test_config0.05.txt
{1: set([1]), 2: set([2]), 3: set([1]), 4: set([2]), 5: set([1]), 6: set([2])}
1 1 0.11036036036 0 0.0 49.0 444 305
1 2 0.0 0 0.0 0.0 442 0
2 1 0.0 0 0.0 0.0 444 0
2 2 0.110859728507 0 0.0 49.0 442 295
3 1 0.11036036036 0 0.0 49.0 444 285
3 2 0.0 0 0.0 0.0 442 0
4 1 0.0 0 0.0 0.0 444 0
4 2 0.110859728507 0 0.0 49.0 442 295
5 1 0.11036036036 0 0.0 49.0 444 298
5 2 0.0 0 0.0 0.0 442 0
6 1 0.0 0 0.0 0.0 444 0
6 2 0.110859728507 0 0.0 49.0 442 294
{1: 0.11036036036036036, 2: 0.11085972850678733, 3: 0.11036036036036036, 4: 0.11085972850678733, 5: 0.11036036036036036, 6: 0.11085972850678733} {1: 0, 2: 0, 3: 0, 4: 0, 5: 0, 6: 0}
0.05 0 0.220998868778
./new_config_single/with_0_coupling/Test_config(20%)/test_config0.06.txt
{1: set([1]), 2: set([2]), 3: set([1]), 4: set([2]), 5: set([1]), 6: set([2])}
1 1 0.111111111111 0 0.0 59.0 531 345
1 2 0.0 0 0.0 0.0 531 0
2 1 0.0 0 0.0 0.0 531 0
2 2 0.111111111111 0 0.0 59.0 531 366
3 1 0.111111111111 0 0.0 59.0 531 351
3 2 0.0 0 0.0 0.0 531 0
4 1 0.0 0 0.0 0.0 531 0
4 2 0.111111111111 0 0.0 59.0 531 343
5 1 0.111111111111 0 0.0 59.0 531 366
5 2 0.0 0 0.0 0.0 531 0
6 1 0.0 0 0.0 0.0 531 0
6 2 0.111111111111 0 0.0 59.0 531 353
{1: 0.1111111111111111, 2: 0.1111111111111111, 3: 0.1111111111111111, 4: 0.1111111111111111, 5: 0.1111111111111111, 6: 0.1111111111111111} {1: 0, 2: 0, 3: 0, 4: 0, 5: 0, 6: 0}
0.06 0 0.222
./new_config_single/with_0_coupling/Test_config(20%)/test_config0.07.txt
{1: set([1]), 2: set([2]), 3: set([1]), 4: set([2]), 5: set([1]), 6: set([2])}
1 1 0.111290322581 0 0.0 69.0 620 410
1 2 0.0 0 0.0 0.0 619 0
2 1 0.0 0 0.0 0.0 620 0
2 2 0.111470113086 0 0.0 69.0 619 415
3 1 0.111290322581 0 0.0 69.0 620 421
3 2 0.0 0 0.0 0.0 619 0
4 1 0.0 0 0.0 0.0 620 0
4 2 0.111470113086 0 0.0 69.0 619 413
5 1 0.111290322581 0 0.0 69.0 620 409
5 2 0.0 0 0.0 0.0 619 0
6 1 0.0 0 0.0 0.0 620 0
6 2 0.111470113086 0 0.0 69.0 619 410
{1: 0.11129032258064517, 2: 0.11147011308562198, 3: 0.11129032258064517, 4: 0.11147011308562198, 5: 0.11129032258064517, 6: 0.11147011308562198} {1: 0, 2: 0, 3: 0, 4: 0, 5: 0, 6: 0}
0.07 0 0.222537675231
./new_config_single/with_0_coupling/Test_config(20%)/test_config0.08.txt
{1: set([1]), 2: set([2]), 3: set([1]), 4: set([2]), 5: set([1]), 6: set([2])}
1 1 0.111424541608 0 0.0 79.0 709 458
1 2 0.0 0 0.0 0.0 709 0
2 1 0.0 0 0.0 0.0 709 0
2 2 0.111424541608 0 0.0 79.0 709 469
3 1 0.111424541608 0 0.0 79.0 709 476
3 2 0.0 0 0.0 0.0 709 0
4 1 0.0 0 0.0 0.0 709 0
4 2 0.111424541608 0 0.0 79.0 709 478
5 1 0.111424541608 0 0.0 79.0 709 484
5 2 0.0 0 0.0 0.0 709 0
6 1 0.0 0 0.0 0.0 709 0
6 2 0.111424541608 0 0.0 79.0 709 471
{1: 0.11142454160789844, 2: 0.11142454160789844, 3: 0.11142454160789844, 4: 0.11142454160789844, 5: 0.11142454160789844, 6: 0.11142454160789844} {1: 0, 2: 0, 3: 0, 4: 0, 5: 0, 6: 0}
0.08 0 0.222626234133
./new_config_single/with_0_coupling/Test_config(20%)/test_config0.09.txt
{1: set([1]), 2: set([2]), 3: set([1]), 4: set([2]), 5: set([1]), 6: set([2])}
1 1 0.111949685535 0 0.0 89.0 795 530
1 2 0.0 0 0.0 0.0 799 0
2 1 0.0 0 0.0 0.0 795 0
2 2 0.111389236546 0 0.0 89.0 799 521
3 1 0.111949685535 0 0.0 89.0 795 538
3 2 0.0 0 0.0 0.0 799 0
4 1 0.0 0 0.0 0.0 795 0
4 2 0.111389236546 0 0.0 89.0 799 527
5 1 0.111949685535 0 0.0 89.0 795 522
5 2 0.0 0 0.0 0.0 799 0
6 1 0.0 0 0.0 0.0 795 0
6 2 0.111389236546 0 0.0 89.0 799 550
{1: 0.1119496855345912, 2: 0.1113892365456821, 3: 0.1119496855345912, 4: 0.1113892365456821, 5: 0.1119496855345912, 6: 0.1113892365456821} {1: 0, 2: 0, 3: 0, 4: 0, 5: 0, 6: 0}
0.09 0 0.223115583158
./new_config_single/with_0_coupling/Test_config(20%)/test_config0.1.txt
{1: set([1]), 2: set([2]), 3: set([1]), 4: set([2]), 5: set([1]), 6: set([2])}
1 1 0.111361079865 0 0.0 99.0 889 585
1 2 0.0 0 0.0 0.0 885 0
2 1 0.0 0 0.0 0.0 889 0
2 2 0.11186440678 0 0.0 99.0 885 589
3 1 0.111361079865 0 0.0 99.0 889 594
3 2 0.0 0 0.0 0.0 885 0
4 1 0.0 0 0.0 0.0 889 0
4 2 0.11186440678 0 0.0 99.0 885 583
5 1 0.111361079865 0 0.0 99.0 889 599
5 2 0.0 0 0.0 0.0 885 0
6 1 0.0 0 0.0 0.0 889 0
6 2 0.11186440678 0 0.0 99.0 885 598
{1: 0.11136107986501688, 2: 0.11186440677966102, 3: 0.11136107986501688, 4: 0.11186440677966102, 5: 0.11136107986501688, 6: 0.11186440677966102} {1: 0, 2: 0, 3: 0, 4: 0, 5: 0, 6: 0}
0.1 0 0.223002261158
./new_config_single/with_0_coupling/Test_config(20%)/test_config0.11.txt
{1: set([1]), 2: set([2]), 3: set([1]), 4: set([2]), 5: set([1]), 6: set([2])}
1 1 0.110996916752 0 0.0 108.0 973 655
1 2 0.0 0 0.0 0.0 972 0
2 1 0.0 0 0.0 0.0 973 0
2 2 0.111111111111 0 0.0 108.0 972 655
3 1 0.110996916752 0 0.0 108.0 973 634
3 2 0.0 0 0.0 0.0 972 0
4 1 0.0 0 0.0 0.0 973 0
4 2 0.111111111111 0 0.0 108.0 972 654
5 1 0.110996916752 0 0.0 108.0 973 657
5 2 0.0 0 0.0 0.0 972 0
6 1 0.0 0 0.0 0.0 973 0
6 2 0.111111111111 0 0.0 108.0 972 635
{1: 0.11099691675231244, 2: 0.1111111111111111, 3: 0.11099691675231244, 4: 0.1111111111111111, 5: 0.11099691675231244, 6: 0.1111111111111111} {1: 0, 2: 0, 3: 0, 4: 0, 5: 0, 6: 0}
0.11 0 0.221885919836
./new_config_single/with_0_coupling/Test_config(20%)/test_config0.12.txt
{1: set([1]), 2: set([2]), 3: set([1]), 4: set([2]), 5: set([1]), 6: set([2])}
1 1 0.111111111111 0 0.0 118.0 1062 710
1 2 0.0 0 0.0 0.0 1062 0
2 1 0.0 0 0.0 0.0 1062 0
2 2 0.111111111111 0 0.0 118.0 1062 714
3 1 0.111111111111 0 0.0 118.0 1062 715
3 2 0.0 0 0.0 0.0 1062 0
4 1 0.0 0 0.0 0.0 1062 0
4 2 0.111111111111 0 0.0 118.0 1062 697
5 1 0.111111111111 0 0.0 118.0 1062 699
5 2 0.0 0 0.0 0.0 1062 0
6 1 0.0 0 0.0 0.0 1062 0
6 2 0.111111111111 0 0.0 118.0 1062 713
{1: 0.1111111111111111, 2: 0.1111111111111111, 3: 0.1111111111111111, 4: 0.1111111111111111, 5: 0.1111111111111111, 6: 0.1111111111111111} {1: 0, 2: 0, 3: 0, 4: 0, 5: 0, 6: 0}
0.12 0 0.222
./new_config_single/with_0_coupling/Test_config(20%)/test_config0.13.txt
{1: set([1]), 2: set([2]), 3: set([1]), 4: set([2]), 5: set([1]), 6: set([2])}
1 1 0.111014744146 0 0.0 128.0 1153 767
1 2 0.0 0 0.0 0.0 1152 0
2 1 0.0 0 0.0 0.0 1153 0
2 2 0.111111111111 0 0.0 128.0 1152 758
3 1 0.111014744146 0 0.0 128.0 1153 750
3 2 0.0 0 0.0 0.0 1152 0
4 1 0.0 0 0.0 0.0 1153 0
4 2 0.111111111111 0 0.0 128.0 1152 762
5 1 0.111014744146 0 0.0 128.0 1153 789
5 2 0.0 0 0.0 0.0 1152 0
6 1 0.0 0 0.0 0.0 1153 0
6 2 0.111111111111 0 0.0 128.0 1152 784
{1: 0.11101474414570685, 2: 0.1111111111111111, 3: 0.11101474414570685, 4: 0.1111111111111111, 5: 0.11101474414570685, 6: 0.1111111111111111} {1: 0, 2: 0, 3: 0, 4: 0, 5: 0, 6: 0}
0.13 0 0.221903729402
./new_config_single/with_0_coupling/Test_config(20%)/test_config0.14.txt
{1: set([1]), 2: set([2]), 3: set([1]), 4: set([2]), 5: set([1]), 6: set([2])}
1 1 0.111650485437 0 0.0 138.0 1236 820
1 2 0.0 0 0.0 0.0 1238 0
2 1 0.0 0 0.0 0.0 1236 0
2 2 0.111470113086 0 0.0 138.0 1238 823
3 1 0.111650485437 0 0.0 138.0 1236 822
3 2 0.0 0 0.0 0.0 1238 0
4 1 0.0 0 0.0 0.0 1236 0
4 2 0.111470113086 0 0.0 138.0 1238 821
5 1 0.111650485437 0 0.0 138.0 1236 830
5 2 0.0 0 0.0 0.0 1238 0
6 1 0.0 0 0.0 0.0 1236 0
6 2 0.111470113086 0 0.0 138.0 1238 832
{1: 0.11165048543689321, 2: 0.11147011308562198, 3: 0.11165048543689321, 4: 0.11147011308562198, 5: 0.11165048543689321, 6: 0.11147011308562198} {1: 0, 2: 0, 3: 0, 4: 0, 5: 0, 6: 0}
0.14 0 0.222897477924
./new_config_single/with_0_coupling/Test_config(20%)/test_config0.15.txt
{1: set([1]), 2: set([2]), 3: set([1]), 4: set([2]), 5: set([1]), 6: set([2])}
1 1 0.111782477341 0 0.0 148.0 1324 884
1 2 0.0 0 0.0 0.0 1325 0
2 1 0.0 0 0.0 0.0 1324 0
2 2 0.111698113208 0 0.0 148.0 1325 896
3 1 0.111782477341 0 0.0 148.0 1324 884
3 2 0.0 0 0.0 0.0 1325 0
4 1 0.0 0 0.0 0.0 1324 0
4 2 0.111698113208 0 0.0 148.0 1325 871
5 1 0.111782477341 0 0.0 148.0 1324 880
5 2 0.0 0 0.0 0.0 1325 0
6 1 0.0 0 0.0 0.0 1324 0
6 2 0.111698113208 0 0.0 148.0 1325 883
{1: 0.11178247734138973, 2: 0.11169811320754718, 3: 0.11178247734138973, 4: 0.11169811320754718, 5: 0.11178247734138973, 6: 0.11169811320754718} {1: 0, 2: 0, 3: 0, 4: 0, 5: 0, 6: 0}
0.15 0 0.223257109958
./new_config_single/with_0_coupling/Test_config(20%)/test_config0.16.txt
{1: set([1]), 2: set([2]), 3: set([1]), 4: set([2]), 5: set([1]), 6: set([2])}
1 1 0.111739745403 0 0.0 158.0 1414 937
1 2 0.0 0 0.0 0.0 1417 0
2 1 0.0 0 0.0 0.0 1414 0
2 2 0.111503175723 0 0.0 158.0 1417 947
3 1 0.111739745403 0 0.0 158.0 1414 931
3 2 0.0 0 0.0 0.0 1417 0
4 1 0.0 0 0.0 0.0 1414 0
4 2 0.111503175723 0 0.0 158.0 1417 934
5 1 0.111739745403 0 0.0 158.0 1414 960
5 2 0.0 0 0.0 0.0 1417 0
6 1 0.0 0 0.0 0.0 1414 0
6 2 0.111503175723 0 0.0 158.0 1417 953
{1: 0.11173974540311174, 2: 0.11150317572335922, 3: 0.11173974540311174, 4: 0.11150317572335922, 5: 0.11173974540311174, 6: 0.11150317572335922} {1: 0, 2: 0, 3: 0, 4: 0, 5: 0, 6: 0}
0.16 0 0.223019678205
./new_config_single/with_0_coupling/Test_config(20%)/test_config0.17.txt
{1: set([1]), 2: set([2]), 3: set([1]), 4: set([2]), 5: set([1]), 6: set([2])}
1 1 0.111553784861 0 0.0 168.0 1506 1014
1 2 0.0 0 0.0 0.0 1506 0
2 1 0.0 0 0.0 0.0 1506 0
2 2 0.111553784861 0 0.0 168.0 1506 993
3 1 0.111553784861 0 0.0 168.0 1506 991
3 2 0.0 0 0.0 0.0 1506 0
4 1 0.0 0 0.0 0.0 1506 0
4 2 0.111553784861 0 0.0 168.0 1506 1007
5 1 0.111553784861 0 0.0 168.0 1506 1007
5 2 0.0 0 0.0 0.0 1506 0
6 1 0.0 0 0.0 0.0 1506 0
6 2 0.111553784861 0 0.0 168.0 1506 1012
{1: 0.11155378486055777, 2: 0.11155378486055777, 3: 0.11155378486055777, 4: 0.11155378486055777, 5: 0.11155378486055777, 6: 0.11155378486055777} {1: 0, 2: 0, 3: 0, 4: 0, 5: 0, 6: 0}
0.17 0 0.222884462151
./new_config_single/with_0_coupling/Test_config(20%)/test_config0.18.txt
{1: set([1]), 2: set([2]), 3: set([1]), 4: set([2]), 5: set([1]), 6: set([2])}
1 1 0.112302839117 0 0.0 178.0 1585 1075
1 2 0.0 0 0.0 0.0 1593 0
2 1 0.0 0 0.0 0.0 1585 0
2 2 0.111738857502 0 0.0 178.0 1593 1032
3 1 0.112302839117 0 0.0 178.0 1585 1050
3 2 0.0 0 0.0 0.0 1593 0
4 1 0.0 0 0.0 0.0 1585 0
4 2 0.111738857502 0 0.0 178.0 1593 1073
5 1 0.112302839117 0 0.0 178.0 1585 1045
5 2 0.0 0 0.0 0.0 1593 0
6 1 0.0 0 0.0 0.0 1585 0
6 2 0.111738857502 0 0.0 178.0 1593 1081
{1: 0.11230283911671925, 2: 0.11173885750156937, 3: 0.11230283911671925, 4: 0.11173885750156937, 5: 0.11230283911671925, 6: 0.11173885750156937} {1: 0, 2: 0, 3: 0, 4: 0, 5: 0, 6: 0}
0.18 0 0.223817654922
./new_config_single/with_0_coupling/Test_config(20%)/test_config0.19.txt
{1: set([1]), 2: set([2]), 3: set([1]), 4: set([2]), 5: set([1]), 6: set([2])}
1 1 0.112104949314 0 0.0 188.0 1677 1104
1 2 0.0 0 0.0 0.0 1687 0
2 1 0.0 0 0.0 0.0 1677 0
2 2 0.111440426793 0 0.0 188.0 1687 1131
3 1 0.112104949314 0 0.0 188.0 1677 1118
3 2 0.0 0 0.0 0.0 1687 0
4 1 0.0 0 0.0 0.0 1677 0
4 2 0.111440426793 0 0.0 188.0 1687 1141
5 1 0.112104949314 0 0.0 188.0 1677 1132
5 2 0.0 0 0.0 0.0 1687 0
6 1 0.0 0 0.0 0.0 1677 0
6 2 0.111440426793 0 0.0 188.0 1687 1102
{1: 0.11210494931425163, 2: 0.1114404267931239, 3: 0.11210494931425163, 4: 0.1114404267931239, 5: 0.11210494931425163, 6: 0.1114404267931239} {1: 0, 2: 0, 3: 0, 4: 0, 5: 0, 6: 0}
0.19 0 0.223321830731
./new_config_single/with_0_coupling/Test_config(20%)/test_config0.2.txt
{1: set([1]), 2: set([2]), 3: set([1]), 4: set([2]), 5: set([1]), 6: set([2])}
1 1 0.111801242236 0 0.0 198.0 1771 1175
1 2 0.0 0 0.0 0.0 1774 0
2 1 0.0 0 0.0 0.0 1771 0
2 2 0.111612175874 0 0.0 198.0 1774 1184
3 1 0.111801242236 0 0.0 198.0 1771 1179
3 2 0.0 0 0.0 0.0 1774 0
4 1 0.0 0 0.0 0.0 1771 0
4 2 0.111612175874 0 0.0 198.0 1774 1166
5 1 0.111801242236 0 0.0 198.0 1771 1188
5 2 0.0 0 0.0 0.0 1774 0
6 1 0.0 0 0.0 0.0 1771 0
6 2 0.111612175874 0 0.0 198.0 1774 1198
{1: 0.11180124223602485, 2: 0.11161217587373168, 3: 0.11180124223602485, 4: 0.11161217587373168, 5: 0.11180124223602485, 6: 0.11161217587373168} {1: 0, 2: 0, 3: 0, 4: 0, 5: 0, 6: 0}
0.2 0 0.223190004692
./new_config_single/with_0_coupling/Test_config(20%)/test_config0.21.txt
{1: set([1]), 2: set([2]), 3: set([1]), 4: set([2]), 5: set([1]), 6: set([2])}
1 1 0.111650485437 0 0.0 207.0 1854 1233
1 2 0.0 0 0.0 0.0 1845 0
2 1 0.0 0 0.0 0.0 1854 0
2 2 0.112195121951 0 0.0 207.0 1845 1231
3 1 0.111650485437 0 0.0 207.0 1854 1246
3 2 0.0 0 0.0 0.0 1845 0
4 1 0.0 0 0.0 0.0 1854 0
4 2 0.112195121951 0 0.0 207.0 1845 1234
5 1 0.111650485437 0 0.0 207.0 1854 1229
5 2 0.0 0 0.0 0.0 1845 0
6 1 0.0 0 0.0 0.0 1854 0
6 2 0.112195121951 0 0.0 207.0 1845 1225
{1: 0.11165048543689321, 2: 0.11219512195121951, 3: 0.11165048543689321, 4: 0.11219512195121951, 5: 0.11165048543689321, 6: 0.11219512195121951} {1: 0, 2: 0, 3: 0, 4: 0, 5: 0, 6: 0}
0.21 0 0.223621761781
./new_config_single/with_0_coupling/Test_config(20%)/test_config0.22.txt
{1: set([1]), 2: set([2]), 3: set([1]), 4: set([2]), 5: set([1]), 6: set([2])}
1 1 0.112028910687 0 0.0 217.0 1937 1306
1 2 0.0 0 0.0 0.0 1942 0
2 1 0.0 0 0.0 0.0 1937 0
2 2 0.111740473738 0 0.0 217.0 1942 1284
3 1 0.112028910687 0 0.0 217.0 1937 1275
3 2 0.0 0 0.0 0.0 1942 0
4 1 0.0 0 0.0 0.0 1937 0
4 2 0.111740473738 0 0.0 217.0 1942 1328
5 1 0.112028910687 0 0.0 217.0 1937 1293
5 2 0.0 0 0.0 0.0 1942 0
6 1 0.0 0 0.0 0.0 1937 0
6 2 0.111740473738 0 0.0 217.0 1942 1272
{1: 0.1120289106866288, 2: 0.111740473738414, 3: 0.1120289106866288, 4: 0.111740473738414, 5: 0.1120289106866288, 6: 0.111740473738414} {1: 0, 2: 0, 3: 0, 4: 0, 5: 0, 6: 0}
0.22 0 0.223545615041
./new_config_single/with_0_coupling/Test_config(20%)/test_config0.23.txt
{1: set([1]), 2: set([2]), 3: set([1]), 4: set([2]), 5: set([1]), 6: set([2])}
1 1 0.111712598425 0 0.0 227.0 2032 1354
1 2 0.0 0 0.0 0.0 2038 0
2 1 0.0 0 0.0 0.0 2032 0
2 2 0.111383709519 0 0.0 227.0 2038 1351
3 1 0.111712598425 0 0.0 227.0 2032 1345
3 2 0.0 0 0.0 0.0 2038 0
4 1 0.0 0 0.0 0.0 2032 0
4 2 0.111383709519 0 0.0 227.0 2038 1379
5 1 0.111712598425 0 0.0 227.0 2032 1365
5 2 0.0 0 0.0 0.0 2038 0
6 1 0.0 0 0.0 0.0 2032 0
6 2 0.111383709519 0 0.0 227.0 2038 1346
{1: 0.11171259842519685, 2: 0.11138370951913641, 3: 0.11171259842519685, 4: 0.11138370951913641, 5: 0.11171259842519685, 6: 0.11138370951913641} {1: 0, 2: 0, 3: 0, 4: 0, 5: 0, 6: 0}
0.23 0 0.222873211636
./new_config_single/with_0_coupling/Test_config(20%)/test_config0.24.txt
{1: set([1]), 2: set([2]), 3: set([1]), 4: set([2]), 5: set([1]), 6: set([2])}
1 1 0.111687087653 0 0.0 237.0 2122 1407
1 2 0.0 0 0.0 0.0 2116 0
2 1 0.0 0 0.0 0.0 2122 0
2 2 0.112003780718 0 0.0 237.0 2116 1420
3 1 0.111687087653 0 0.0 237.0 2122 1421
3 2 0.0 0 0.0 0.0 2116 0
4 1 0.0 0 0.0 0.0 2122 0
4 2 0.112003780718 0 0.0 237.0 2116 1401
5 1 0.111687087653 0 0.0 237.0 2122 1416
5 2 0.0 0 0.0 0.0 2116 0
6 1 0.0 0 0.0 0.0 2122 0
6 2 0.112003780718 0 0.0 237.0 2116 1411
{1: 0.1116870876531574, 2: 0.11200378071833648, 3: 0.1116870876531574, 4: 0.11200378071833648, 5: 0.1116870876531574, 6: 0.11200378071833648} {1: 0, 2: 0, 3: 0, 4: 0, 5: 0, 6: 0}
0.24 0 0.223467177503
./new_config_single/with_0_coupling/Test_config(20%)/test_config0.25.txt
{1: set([1]), 2: set([2]), 3: set([1]), 4: set([2]), 5: set([1]), 6: set([2])}
1 1 0.111663652803 0 0.0 247.0 2212 1471
1 2 0.0 0 0.0 0.0 2205 0
2 1 0.0 0 0.0 0.0 2212 0
2 2 0.11201814059 0 0.0 247.0 2205 1456
3 1 0.111663652803 0 0.0 247.0 2212 1461
3 2 0.0 0 0.0 0.0 2205 0
4 1 0.0 0 0.0 0.0 2212 0
4 2 0.11201814059 0 0.0 247.0 2205 1498
5 1 0.111663652803 0 0.0 247.0 2212 1492
5 2 0.0 0 0.0 0.0 2205 0
6 1 0.0 0 0.0 0.0 2212 0
6 2 0.11201814059 0 0.0 247.0 2205 1456
{1: 0.11166365280289331, 2: 0.11201814058956916, 3: 0.11166365280289331, 4: 0.11201814058956916, 5: 0.11166365280289331, 6: 0.11201814058956916} {1: 0, 2: 0, 3: 0, 4: 0, 5: 0, 6: 0}
0.25 0 0.223458111599
./new_config_single/with_0_coupling/Test_config(20%)/test_config0.26.txt
{1: set([1]), 2: set([2]), 3: set([1]), 4: set([2]), 5: set([1]), 6: set([2])}
1 1 0.112178088171 0 0.0 257.0 2291 1514
1 2 0.0 0 0.0 0.0 2290 0
2 1 0.0 0 0.0 0.0 2291 0
2 2 0.112227074236 0 0.0 257.0 2290 1514
3 1 0.112178088171 0 0.0 257.0 2291 1522
3 2 0.0 0 0.0 0.0 2290 0
4 1 0.0 0 0.0 0.0 2291 0
4 2 0.112227074236 0 0.0 257.0 2290 1519
5 1 0.112178088171 0 0.0 257.0 2291 1546
5 2 0.0 0 0.0 0.0 2290 0
6 1 0.0 0 0.0 0.0 2291 0
6 2 0.112227074236 0 0.0 257.0 2290 1547
{1: 0.11217808817110432, 2: 0.11222707423580786, 3: 0.11217808817110432, 4: 0.11222707423580786, 5: 0.11217808817110432, 6: 0.11222707423580786} {1: 0, 2: 0, 3: 0, 4: 0, 5: 0, 6: 0}
0.26 0 0.224180757245
./new_config_single/with_0_coupling/Test_config(20%)/test_config0.27.txt
{1: set([1]), 2: set([2]), 3: set([1]), 4: set([2]), 5: set([1]), 6: set([2])}
1 1 0.112090680101 0 0.0 267.0 2382 1575
1 2 0.0 0 0.0 0.0 2377 0
2 1 0.0 0 0.0 0.0 2382 0
2 2 0.112326461927 0 0.0 267.0 2377 1586
3 1 0.112090680101 0 0.0 267.0 2382 1596
3 2 0.0 0 0.0 0.0 2377 0
4 1 0.0 0 0.0 0.0 2382 0
4 2 0.112326461927 0 0.0 267.0 2377 1601
5 1 0.112090680101 0 0.0 267.0 2382 1593
5 2 0.0 0 0.0 0.0 2377 0
6 1 0.0 0 0.0 0.0 2382 0
6 2 0.112326461927 0 0.0 267.0 2377 1567
{1: 0.11209068010075567, 2: 0.11232646192679849, 3: 0.11209068010075567, 4: 0.11232646192679849, 5: 0.11209068010075567, 6: 0.11232646192679849} {1: 0, 2: 0, 3: 0, 4: 0, 5: 0, 6: 0}
0.27 0 0.224192724886
./new_config_single/with_0_coupling/Test_config(20%)/test_config0.28.txt
{1: set([1]), 2: set([2]), 3: set([1]), 4: set([2]), 5: set([1]), 6: set([2])}
1 1 0.112373225152 0 0.0 277.0 2465 1657
1 2 0.0 0 0.0 0.0 2470 0
2 1 0.0 0 0.0 0.0 2465 0
2 2 0.112145748988 0 0.0 277.0 2470 1633
3 1 0.112373225152 0 0.0 277.0 2465 1642
3 2 0.0 0 0.0 0.0 2470 0
4 1 0.0 0 0.0 0.0 2465 0
4 2 0.112145748988 0 0.0 277.0 2470 1651
5 1 0.112373225152 0 0.0 277.0 2465 1631
5 2 0.0 0 0.0 0.0 2470 0
6 1 0.0 0 0.0 0.0 2465 0
6 2 0.112145748988 0 0.0 277.0 2470 1656
{1: 0.11237322515212982, 2: 0.11214574898785425, 3: 0.11237322515212982, 4: 0.11214574898785425, 5: 0.11237322515212982, 6: 0.11214574898785425} {1: 0, 2: 0, 3: 0, 4: 0, 5: 0, 6: 0}
0.28 0 0.224294455166
./new_config_single/with_0_coupling/Test_config(20%)/test_config0.29.txt
{1: set([1]), 2: set([2]), 3: set([1]), 4: set([2]), 5: set([1]), 6: set([2])}
1 1 0.111803661862 0 0.0 287.0 2567 1718
1 2 0.0 0 0.0 0.0 2564 0
2 1 0.0 0 0.0 0.0 2567 0
2 2 0.111934477379 0 0.0 287.0 2564 1676
3 1 0.111803661862 0 0.0 287.0 2567 1700
3 2 0.0 0 0.0 0.0 2564 0
4 1 0.0 0 0.0 0.0 2567 0
4 2 0.111934477379 0 0.0 287.0 2564 1711
5 1 0.111803661862 0 0.0 287.0 2567 1716
5 2 0.0 0 0.0 0.0 2564 0
6 1 0.0 0 0.0 0.0 2567 0
6 2 0.111934477379 0 0.0 287.0 2564 1741
{1: 0.11180366186209584, 2: 0.11193447737909516, 3: 0.11180366186209584, 4: 0.11193447737909516, 5: 0.11180366186209584, 6: 0.11193447737909516} {1: 0, 2: 0, 3: 0, 4: 0, 5: 0, 6: 0}
0.29 0 0.223514401102
./new_config_single/with_0_coupling/Test_config(20%)/test_config0.3.txt
{1: set([1]), 2: set([2]), 3: set([1]), 4: set([2]), 5: set([1]), 6: set([2])}
1 1 0.112627986348 0 0.0 297.0 2637 1739
1 2 0.0 0 0.0 0.0 2648 0
2 1 0.0 0 0.0 0.0 2637 0
2 2 0.112160120846 0 0.0 297.0 2648 1758
3 1 0.112627986348 0 0.0 297.0 2637 1765
3 2 0.0 0 0.0 0.0 2648 0
4 1 0.0 0 0.0 0.0 2637 0
4 2 0.112160120846 0 0.0 297.0 2648 1756
5 1 0.112627986348 0 0.0 297.0 2637 1770
5 2 0.0 0 0.0 0.0 2648 0
6 1 0.0 0 0.0 0.0 2637 0
6 2 0.112160120846 0 0.0 297.0 2648 1782
{1: 0.11262798634812286, 2: 0.11216012084592145, 3: 0.11262798634812286, 4: 0.11216012084592145, 5: 0.11262798634812286, 6: 0.11216012084592145} {1: 0, 2: 0, 3: 0, 4: 0, 5: 0, 6: 0}
0.3 0 0.224563319087
./new_config_single/with_0_coupling/Test_config(20%)/test_config0.31.txt
{1: set([1]), 2: set([2]), 3: set([1]), 4: set([2]), 5: set([1]), 6: set([2])}
1 1 0.111801242236 0 0.0 306.0 2737 1806
1 2 0.0 0 0.0 0.0 2724 0
2 1 0.0 0 0.0 0.0 2737 0
2 2 0.112334801762 0 0.0 306.0 2724 1805
3 1 0.111801242236 0 0.0 306.0 2737 1840
3 2 0.0 0 0.0 0.0 2724 0
4 1 0.0 0 0.0 0.0 2737 0
4 2 0.112334801762 0 0.0 306.0 2724 1811
5 1 0.111801242236 0 0.0 306.0 2737 1828
5 2 0.0 0 0.0 0.0 2724 0
6 1 0.0 0 0.0 0.0 2737 0
6 2 0.112334801762 0 0.0 306.0 2724 1832
{1: 0.11180124223602485, 2: 0.11233480176211454, 3: 0.11180124223602485, 4: 0.11233480176211454, 5: 0.11180124223602485, 6: 0.11233480176211454} {1: 0, 2: 0, 3: 0, 4: 0, 5: 0, 6: 0}
0.31 0 0.223911907954
./new_config_single/with_0_coupling/Test_config(20%)/test_config0.32.txt
{1: set([1]), 2: set([2]), 3: set([1]), 4: set([2]), 5: set([1]), 6: set([2])}
1 1 0.112176073837 0 0.0 316.0 2817 1864
1 2 0.0 0 0.0 0.0 2815 0
2 1 0.0 0 0.0 0.0 2817 0
2 2 0.112255772647 0 0.0 316.0 2815 1869
3 1 0.112176073837 0 0.0 316.0 2817 1879
3 2 0.0 0 0.0 0.0 2815 0
4 1 0.0 0 0.0 0.0 2817 0
4 2 0.112255772647 0 0.0 316.0 2815 1894
5 1 0.112176073837 0 0.0 316.0 2817 1891
5 2 0.0 0 0.0 0.0 2815 0
6 1 0.0 0 0.0 0.0 2817 0
6 2 0.112255772647 0 0.0 316.0 2815 1867
{1: 0.1121760738374157, 2: 0.11225577264653641, 3: 0.1121760738374157, 4: 0.11225577264653641, 5: 0.1121760738374157, 6: 0.11225577264653641} {1: 0, 2: 0, 3: 0, 4: 0, 5: 0, 6: 0}
0.32 0 0.224207414637
./new_config_single/with_0_coupling/Test_config(20%)/test_config0.33.txt
{1: set([1]), 2: set([2]), 3: set([1]), 4: set([2]), 5: set([1]), 6: set([2])}
1 1 0.111950549451 0 0.0 326.0 2912 1940
1 2 0.0 0 0.0 0.0 2905 0
2 1 0.0 0 0.0 0.0 2912 0
2 2 0.112220309811 0 0.0 326.0 2905 1917
3 1 0.111950549451 0 0.0 326.0 2912 1950
3 2 0.0 0 0.0 0.0 2905 0
4 1 0.0 0 0.0 0.0 2912 0
4 2 0.112220309811 0 0.0 326.0 2905 1948
5 1 0.111950549451 0 0.0 326.0 2912 1934
5 2 0.0 0 0.0 0.0 2905 0
6 1 0.0 0 0.0 0.0 2912 0
6 2 0.112220309811 0 0.0 326.0 2905 1945
{1: 0.11195054945054946, 2: 0.11222030981067126, 3: 0.11195054945054946, 4: 0.11222030981067126, 5: 0.11195054945054946, 6: 0.11222030981067126} {1: 0, 2: 0, 3: 0, 4: 0, 5: 0, 6: 0}
0.33 0 0.223946688402
./new_config_single/with_0_coupling/Test_config(20%)/test_config0.34.txt
{1: set([1]), 2: set([2]), 3: set([1]), 4: set([2]), 5: set([1]), 6: set([2])}
1 1 0.11214953271 0 0.0 336.0 2996 1970
1 2 0.0 0 0.0 0.0 2990 0
2 1 0.0 0 0.0 0.0 2996 0
2 2 0.11237458194 0 0.0 336.0 2990 1991
3 1 0.11214953271 0 0.0 336.0 2996 2018
3 2 0.0 0 0.0 0.0 2990 0
4 1 0.0 0 0.0 0.0 2996 0
4 2 0.11237458194 0 0.0 336.0 2990 2000
5 1 0.11214953271 0 0.0 336.0 2996 2004
5 2 0.0 0 0.0 0.0 2990 0
6 1 0.0 0 0.0 0.0 2996 0
6 2 0.11237458194 0 0.0 336.0 2990 1989
{1: 0.11214953271028037, 2: 0.11237458193979934, 3: 0.11214953271028037, 4: 0.11237458193979934, 5: 0.11214953271028037, 6: 0.11237458193979934} {1: 0, 2: 0, 3: 0, 4: 0, 5: 0, 6: 0}
0.34 0 0.224299590535
./new_config_single/with_0_coupling/Test_config(20%)/test_config0.35.txt
{1: set([1]), 2: set([2]), 3: set([1]), 4: set([2]), 5: set([1]), 6: set([2])}
1 1 0.112483745124 0 0.0 346.0 3076 2065
1 2 0.0 0 0.0 0.0 3076 0
2 1 0.0 0 0.0 0.0 3076 0
2 2 0.112483745124 0 0.0 346.0 3076 2045
3 1 0.112483745124 0 0.0 346.0 3076 2033
3 2 0.0 0 0.0 0.0 3076 0
4 1 0.0 0 0.0 0.0 3076 0
4 2 0.112483745124 0 0.0 346.0 3076 2050
5 1 0.112483745124 0 0.0 346.0 3076 2054
5 2 0.0 0 0.0 0.0 3076 0
6 1 0.0 0 0.0 0.0 3076 0
6 2 0.112483745124 0 0.0 346.0 3076 2057
{1: 0.11248374512353707, 2: 0.11248374512353707, 3: 0.11248374512353707, 4: 0.11248374512353707, 5: 0.11248374512353707, 6: 0.11248374512353707} {1: 0, 2: 0, 3: 0, 4: 0, 5: 0, 6: 0}
0.35 0 0.224742522757
./new_config_single/with_0_coupling/Test_config(20%)/test_config0.36.txt
{1: set([1]), 2: set([2]), 3: set([1]), 4: set([2]), 5: set([1]), 6: set([2])}
1 1 0.112409220082 0 0.0 356.0 3167 2100
1 2 0.0 0 0.0 0.0 3160 0
2 1 0.0 0 0.0 0.0 3167 0
2 2 0.112658227848 0 0.0 356.0 3160 2121
3 1 0.112409220082 0 0.0 356.0 3167 2141
3 2 0.0 0 0.0 0.0 3160 0
4 1 0.0 0 0.0 0.0 3167 0
4 2 0.112658227848 0 0.0 356.0 3160 2092
5 1 0.112409220082 0 0.0 356.0 3167 2093
5 2 0.0 0 0.0 0.0 3160 0
6 1 0.0 0 0.0 0.0 3167 0
6 2 0.112658227848 0 0.0 356.0 3160 2107
{1: 0.11240922008209663, 2: 0.11265822784810127, 3: 0.11240922008209663, 4: 0.11265822784810127, 5: 0.11240922008209663, 6: 0.11265822784810127} {1: 0, 2: 0, 3: 0, 4: 0, 5: 0, 6: 0}
0.36 0 0.224842380482
./new_config_single/with_0_coupling/Test_config(20%)/test_config0.37.txt
{1: set([1]), 2: set([2]), 3: set([1]), 4: set([2]), 5: set([1]), 6: set([2])}
1 1 0.112476951444 0 0.0 366.0 3254 2139
1 2 0.0 0 0.0 0.0 3247 0
2 1 0.0 0 0.0 0.0 3254 0
2 2 0.112719433323 0 0.0 366.0 3247 2174
3 1 0.112476951444 0 0.0 366.0 3254 2195
3 2 0.0 0 0.0 0.0 3247 0
4 1 0.0 0 0.0 0.0 3254 0
4 2 0.112719433323 0 0.0 366.0 3247 2131
5 1 0.112476951444 0 0.0 366.0 3254 2174
5 2 0.0 0 0.0 0.0 3247 0
6 1 0.0 0 0.0 0.0 3254 0
6 2 0.112719433323 0 0.0 366.0 3247 2189
{1: 0.11247695144437615, 2: 0.11271943332306744, 3: 0.11247695144437615, 4: 0.11271943332306744, 5: 0.11247695144437615, 6: 0.11271943332306744} {1: 0, 2: 0, 3: 0, 4: 0, 5: 0, 6: 0}
0.37 0 0.224971188383
./new_config_single/with_0_coupling/Test_config(20%)/test_config0.38.txt
{1: set([1]), 2: set([2]), 3: set([1]), 4: set([2]), 5: set([1]), 6: set([2])}
1 1 0.112574850299 0 0.0 376.0 3340 2243
1 2 0.0 0 0.0 0.0 3330 0
2 1 0.0 0 0.0 0.0 3340 0
2 2 0.112912912913 0 0.0 376.0 3330 2225
3 1 0.112574850299 0 0.0 376.0 3340 2217
3 2 0.0 0 0.0 0.0 3330 0
4 1 0.0 0 0.0 0.0 3340 0
4 2 0.112912912913 0 0.0 376.0 3330 2222
5 1 0.112574850299 0 0.0 376.0 3340 2220
5 2 0.0 0 0.0 0.0 3330 0
6 1 0.0 0 0.0 0.0 3340 0
6 2 0.112912912913 0 0.0 376.0 3330 2213
{1: 0.1125748502994012, 2: 0.11291291291291292, 3: 0.1125748502994012, 4: 0.11291291291291292, 5: 0.1125748502994012, 6: 0.11291291291291292} {1: 0, 2: 0, 3: 0, 4: 0, 5: 0, 6: 0}
0.38 0 0.225262275449
./new_config_single/with_0_coupling/Test_config(20%)/test_config0.39.txt
{1: set([1]), 2: set([2]), 3: set([1]), 4: set([2]), 5: set([1]), 6: set([2])}
1 1 0.112274578243 0 0.0 386.0 3438 2296
1 2 0.0 0 0.0 0.0 3422 0
2 1 0.0 0 0.0 0.0 3438 0
2 2 0.112799532437 0 0.0 386.0 3422 2290
3 1 0.112274578243 0 0.0 386.0 3438 2263
3 2 0.0 0 0.0 0.0 3422 0
4 1 0.0 0 0.0 0.0 3438 0
4 2 0.112799532437 0 0.0 386.0 3422 2304
5 1 0.112274578243 0 0.0 386.0 3438 2317
5 2 0.0 0 0.0 0.0 3422 0
6 1 0.0 0 0.0 0.0 3438 0
6 2 0.112799532437 0 0.0 386.0 3422 2250
{1: 0.11227457824316463, 2: 0.11279953243717125, 3: 0.11227457824316463, 4: 0.11279953243717125, 5: 0.11227457824316463, 6: 0.11279953243717125} {1: 0, 2: 0, 3: 0, 4: 0, 5: 0, 6: 0}
0.39 0 0.22484903657
./new_config_single/with_0_coupling/Test_config(20%)/test_config0.4.txt
{1: set([1]), 2: set([2]), 3: set([1]), 4: set([2]), 5: set([1]), 6: set([2])}
1 1 0.112436115843 0 0.0 396.0 3522 2358
1 2 0.0 0 0.0 0.0 3516 0
2 1 0.0 0 0.0 0.0 3522 0
2 2 0.112627986348 0 0.0 396.0 3516 2361
3 1 0.112436115843 0 0.0 396.0 3522 2322
3 2 0.0 0 0.0 0.0 3516 0
4 1 0.0 0 0.0 0.0 3522 0
4 2 0.112627986348 0 0.0 396.0 3516 2340
5 1 0.112436115843 0 0.0 396.0 3522 2364
5 2 0.0 0 0.0 0.0 3516 0
6 1 0.0 0 0.0 0.0 3522 0
6 2 0.112627986348 0 0.0 396.0 3516 2331
{1: 0.11243611584327087, 2: 0.11262798634812286, 3: 0.11243611584327087, 4: 0.11262798634812286, 5: 0.11243611584327087, 6: 0.11262798634812286} {1: 0, 2: 0, 3: 0, 4: 0, 5: 0, 6: 0}
0.4 0 0.224839038089
./new_config_single/with_0_coupling/Test_config(20%)/test_config0.41.txt
{1: set([1]), 2: set([2]), 3: set([1]), 4: set([2]), 5: set([1]), 6: set([2])}
1 1 0.112437534703 0 0.0 405.0 3602 2405
1 2 0.0 0 0.0 0.0 3587 0
2 1 0.0 0 0.0 0.0 3602 0
2 2 0.112907722331 0 0.0 405.0 3587 2404
3 1 0.112437534703 0 0.0 405.0 3602 2398
3 2 0.0 0 0.0 0.0 3587 0
4 1 0.0 0 0.0 0.0 3602 0
4 2 0.112907722331 0 0.0 405.0 3587 2384
5 1 0.112437534703 0 0.0 405.0 3602 2401
5 2 0.0 0 0.0 0.0 3587 0
6 1 0.0 0 0.0 0.0 3602 0
6 2 0.112907722331 0 0.0 405.0 3587 2386
{1: 0.1124375347029428, 2: 0.11290772233063842, 3: 0.1124375347029428, 4: 0.11290772233063842, 5: 0.1124375347029428, 6: 0.11290772233063842} {1: 0, 2: 0, 3: 0, 4: 0, 5: 0, 6: 0}
0.41 0 0.225119911777
./new_config_single/with_0_coupling/Test_config(20%)/test_config0.42.txt
{1: set([1]), 2: set([2]), 3: set([1]), 4: set([2]), 5: set([1]), 6: set([2])}
1 1 0.112618724559 0 0.0 415.0 3685 2458
1 2 0.0 0 0.0 0.0 3696 0
2 1 0.0 0 0.0 0.0 3685 0
2 2 0.112283549784 0 0.0 415.0 3696 2484
3 1 0.112618724559 0 0.0 415.0 3685 2425
3 2 0.0 0 0.0 0.0 3696 0
4 1 0.0 0 0.0 0.0 3685 0
4 2 0.112283549784 0 0.0 415.0 3696 2460
5 1 0.112618724559 0 0.0 415.0 3685 2487
5 2 0.0 0 0.0 0.0 3696 0
6 1 0.0 0 0.0 0.0 3685 0
6 2 0.112283549784 0 0.0 415.0 3696 2448
{1: 0.11261872455902307, 2: 0.11228354978354978, 3: 0.11261872455902307, 4: 0.11228354978354978, 5: 0.11261872455902307, 6: 0.11228354978354978} {1: 0, 2: 0, 3: 0, 4: 0, 5: 0, 6: 0}
0.42 0 0.224677372068
./new_config_single/with_0_coupling/Test_config(20%)/test_config0.43.txt
{1: set([1]), 2: set([2]), 3: set([1]), 4: set([2]), 5: set([1]), 6: set([2])}
1 1 0.112433862434 0 0.0 425.0 3780 2513
1 2 0.0 0 0.0 0.0 3770 0
2 1 0.0 0 0.0 0.0 3780 0
2 2 0.112732095491 0 0.0 425.0 3770 2520
3 1 0.112433862434 0 0.0 425.0 3780 2504
3 2 0.0 0 0.0 0.0 3770 0
4 1 0.0 0 0.0 0.0 3780 0
4 2 0.112732095491 0 0.0 425.0 3770 2504
5 1 0.112433862434 0 0.0 425.0 3780 2543
5 2 0.0 0 0.0 0.0 3770 0
6 1 0.0 0 0.0 0.0 3780 0
6 2 0.112732095491 0 0.0 425.0 3770 2516
{1: 0.11243386243386243, 2: 0.11273209549071618, 3: 0.11243386243386243, 4: 0.11273209549071618, 5: 0.11243386243386243, 6: 0.11273209549071618} {1: 0, 2: 0, 3: 0, 4: 0, 5: 0, 6: 0}
0.43 0 0.224940791967
./new_config_single/with_0_coupling/Test_config(20%)/test_config0.44.txt
{1: set([1]), 2: set([2]), 3: set([1]), 4: set([2]), 5: set([1]), 6: set([2])}
1 1 0.112694300518 0 0.0 435.0 3860 2568
1 2 0.0 0 0.0 0.0 3869 0
2 1 0.0 0 0.0 0.0 3860 0
2 2 0.112432153011 0 0.0 435.0 3869 2570
3 1 0.112694300518 0 0.0 435.0 3860 2628
3 2 0.0 0 0.0 0.0 3869 0
4 1 0.0 0 0.0 0.0 3860 0
4 2 0.112432153011 0 0.0 435.0 3869 2567
5 1 0.112694300518 0 0.0 435.0 3860 2524
5 2 0.0 0 0.0 0.0 3869 0
6 1 0.0 0 0.0 0.0 3860 0
6 2 0.112432153011 0 0.0 435.0 3869 2601
{1: 0.11269430051813471, 2: 0.11243215301111398, 3: 0.11269430051813471, 4: 0.11243215301111398, 5: 0.11269430051813471, 6: 0.11243215301111398} {1: 0, 2: 0, 3: 0, 4: 0, 5: 0, 6: 0}
0.44 0 0.224901327076
./new_config_single/with_0_coupling/Test_config(20%)/test_config0.45.txt
{1: set([1]), 2: set([2]), 3: set([1]), 4: set([2]), 5: set([1]), 6: set([2])}
1 1 0.112715298886 0 0.0 445.0 3948 2635
1 2 0.0 0 0.0 0.0 3940 0
2 1 0.0 0 0.0 0.0 3948 0
2 2 0.112944162437 0 0.0 445.0 3940 2619
3 1 0.112715298886 0 0.0 445.0 3948 2640
3 2 0.0 0 0.0 0.0 3940 0
4 1 0.0 0 0.0 0.0 3948 0
4 2 0.112944162437 0 0.0 445.0 3940 2604
5 1 0.112715298886 0 0.0 445.0 3948 2621
5 2 0.0 0 0.0 0.0 3940 0
6 1 0.0 0 0.0 0.0 3948 0
6 2 0.112944162437 0 0.0 445.0 3940 2657
{1: 0.11271529888551166, 2: 0.11294416243654823, 3: 0.11271529888551166, 4: 0.11294416243654823, 5: 0.11271529888551166, 6: 0.11294416243654823} {1: 0, 2: 0, 3: 0, 4: 0, 5: 0, 6: 0}
0.45 0 0.225433801861
./new_config_single/with_0_coupling/Test_config(20%)/test_config0.46.txt
{1: set([1]), 2: set([2]), 3: set([1]), 4: set([2]), 5: set([1]), 6: set([2])}
1 1 0.112512363996 0 0.0 455.0 4044 2693
1 2 0.0 0 0.0 0.0 4030 0
2 1 0.0 0 0.0 0.0 4044 0
2 2 0.112903225806 0 0.0 455.0 4030 2666
3 1 0.112512363996 0 0.0 455.0 4044 2686
3 2 0.0 0 0.0 0.0 4030 0
4 1 0.0 0 0.0 0.0 4044 0
4 2 0.112903225806 0 0.0 455.0 4030 2684
5 1 0.112512363996 0 0.0 455.0 4044 2709
5 2 0.0 0 0.0 0.0 4030 0
6 1 0.0 0 0.0 0.0 4044 0
6 2 0.112903225806 0 0.0 455.0 4030 2710
{1: 0.11251236399604352, 2: 0.11290322580645161, 3: 0.11251236399604352, 4: 0.11290322580645161, 5: 0.11251236399604352, 6: 0.11290322580645161} {1: 0, 2: 0, 3: 0, 4: 0, 5: 0, 6: 0}
0.46 0 0.225190174213
./new_config_single/with_0_coupling/Test_config(20%)/test_config0.47.txt
{1: set([1]), 2: set([2]), 3: set([1]), 4: set([2]), 5: set([1]), 6: set([2])}
1 1 0.112918892666 0 0.0 465.0 4118 2727
1 2 0.0 0 0.0 0.0 4127 0
2 1 0.0 0 0.0 0.0 4118 0
2 2 0.112672643567 0 0.0 465.0 4127 2769
3 1 0.112918892666 0 0.0 465.0 4118 2784
3 2 0.0 0 0.0 0.0 4127 0
4 1 0.0 0 0.0 0.0 4118 0
4 2 0.112672643567 0 0.0 465.0 4127 2731
5 1 0.112918892666 0 0.0 465.0 4118 2725
5 2 0.0 0 0.0 0.0 4127 0
6 1 0.0 0 0.0 0.0 4118 0
6 2 0.112672643567 0 0.0 465.0 4127 2754
{1: 0.11291889266634289, 2: 0.1126726435667555, 3: 0.11291889266634289, 4: 0.1126726435667555, 5: 0.11291889266634289, 6: 0.1126726435667555} {1: 0, 2: 0, 3: 0, 4: 0, 5: 0, 6: 0}
0.47 0 0.225365944697
./new_config_single/with_0_coupling/Test_config(20%)/test_config0.48.txt
{1: set([1]), 2: set([2]), 3: set([1]), 4: set([2]), 5: set([1]), 6: set([2])}
1 1 0.113068317067 0 0.0 475.0 4201 2824
1 2 0.0 0 0.0 0.0 4215 0
2 1 0.0 0 0.0 0.0 4201 0
2 2 0.112692763938 0 0.0 475.0 4215 2806
3 1 0.113068317067 0 0.0 475.0 4201 2801
3 2 0.0 0 0.0 0.0 4215 0
4 1 0.0 0 0.0 0.0 4201 0
4 2 0.112692763938 0 0.0 475.0 4215 2797
5 1 0.113068317067 0 0.0 475.0 4201 2777
5 2 0.0 0 0.0 0.0 4215 0
6 1 0.0 0 0.0 0.0 4201 0
6 2 0.112692763938 0 0.0 475.0 4215 2827
{1: 0.1130683170673649, 2: 0.11269276393831554, 3: 0.1130683170673649, 4: 0.11269276393831554, 5: 0.1130683170673649, 6: 0.11269276393831554} {1: 0, 2: 0, 3: 0, 4: 0, 5: 0, 6: 0}
0.48 0 0.225535319925
./new_config_single/with_0_coupling/Test_config(20%)/test_config0.49.txt
{1: set([1]), 2: set([2]), 3: set([1]), 4: set([2]), 5: set([1]), 6: set([2])}
1 1 0.113000931966 0 0.0 485.0 4292 2891
1 2 0.0 0 0.0 0.0 4304 0
2 1 0.0 0 0.0 0.0 4292 0
2 2 0.112685873606 0 0.0 485.0 4304 2859
3 1 0.113000931966 0 0.0 485.0 4292 2857
3 2 0.0 0 0.0 0.0 4304 0
4 1 0.0 0 0.0 0.0 4292 0
4 2 0.112685873606 0 0.0 485.0 4304 2880
5 1 0.113000931966 0 0.0 485.0 4292 2836
5 2 0.0 0 0.0 0.0 4304 0
6 1 0.0 0 0.0 0.0 4292 0
6 2 0.112685873606 0 0.0 485.0 4304 2869
{1: 0.11300093196644921, 2: 0.11268587360594795, 3: 0.11300093196644921, 4: 0.11268587360594795, 5: 0.11300093196644921, 6: 0.11268587360594795} {1: 0, 2: 0, 3: 0, 4: 0, 5: 0, 6: 0}
0.49 0 0.225461118767
./new_config_single/with_0_coupling/Test_config(20%)/test_config0.5.txt
{1: set([1]), 2: set([2]), 3: set([1]), 4: set([2]), 5: set([1]), 6: set([2])}
1 1 0.113065326633 0 0.0 495.0 4378 2912
1 2 0.0 0 0.0 0.0 4378 0
2 1 0.0 0 0.0 0.0 4378 0
2 2 0.113065326633 0 0.0 495.0 4378 2929
3 1 0.113065326633 0 0.0 495.0 4378 2944
3 2 0.0 0 0.0 0.0 4378 0
4 1 0.0 0 0.0 0.0 4378 0
4 2 0.113065326633 0 0.0 495.0 4378 2913
5 1 0.113065326633 0 0.0 495.0 4378 2900
5 2 0.0 0 0.0 0.0 4378 0
6 1 0.0 0 0.0 0.0 4378 0
6 2 0.113065326633 0 0.0 495.0 4378 2914
{1: 0.11306532663316583, 2: 0.11306532663316583, 3: 0.11306532663316583, 4: 0.11306532663316583, 5: 0.11306532663316583, 6: 0.11306532663316583} {1: 0, 2: 0, 3: 0, 4: 0, 5: 0, 6: 0}
0.5 0 0.225904522613
./new_config_single/with_0_coupling/Test_config(20%)/test_config0.51.txt
{1: set([1]), 2: set([2]), 3: set([1]), 4: set([2]), 5: set([1]), 6: set([2])}
1 1 0.113131313131 0 0.0 504.0 4455 2974
1 2 0.0 0 0.0 0.0 4460 0
2 1 0.0 0 0.0 0.0 4455 0
2 2 0.113004484305 0 0.0 504.0 4460 3002
3 1 0.113131313131 0 0.0 504.0 4455 2956
3 2 0.0 0 0.0 0.0 4460 0
4 1 0.0 0 0.0 0.0 4455 0
4 2 0.113004484305 0 0.0 504.0 4460 2983
5 1 0.113131313131 0 0.0 504.0 4455 2980
5 2 0.0 0 0.0 0.0 4460 0
6 1 0.0 0 0.0 0.0 4455 0
6 2 0.113004484305 0 0.0 504.0 4460 2935
{1: 0.11313131313131314, 2: 0.11300448430493273, 3: 0.11313131313131314, 4: 0.11300448430493273, 5: 0.11313131313131314, 6: 0.11300448430493273} {1: 0, 2: 0, 3: 0, 4: 0, 5: 0, 6: 0}
0.51 0 0.225909661639
./new_config_single/with_0_coupling/Test_config(20%)/test_config0.52.txt
{1: set([1]), 2: set([2]), 3: set([1]), 4: set([2]), 5: set([1]), 6: set([2])}
1 1 0.113141096192 0 0.0 514.0 4543 3030
1 2 0.0 0 0.0 0.0 4547 0
2 1 0.0 0 0.0 0.0 4543 0
2 2 0.113041565868 0 0.0 514.0 4547 3066
3 1 0.113141096192 0 0.0 514.0 4543 3001
3 2 0.0 0 0.0 0.0 4547 0
4 1 0.0 0 0.0 0.0 4543 0
4 2 0.113041565868 0 0.0 514.0 4547 3005
5 1 0.113141096192 0 0.0 514.0 4543 3055
5 2 0.0 0 0.0 0.0 4547 0
6 1 0.0 0 0.0 0.0 4543 0
6 2 0.113041565868 0 0.0 514.0 4547 3023
{1: 0.11314109619194365, 2: 0.11304156586760501, 3: 0.11314109619194365, 4: 0.11304156586760501, 5: 0.11314109619194365, 6: 0.11304156586760501} {1: 0, 2: 0, 3: 0, 4: 0, 5: 0, 6: 0}
0.52 0 0.225956479397
./new_config_single/with_0_coupling/Test_config(20%)/test_config0.53.txt
{1: set([1]), 2: set([2]), 3: set([1]), 4: set([2]), 5: set([1]), 6: set([2])}
1 1 0.112833763997 0 0.0 524.0 4644 3085
1 2 0.0 0 0.0 0.0 4623 0
2 1 0.0 0 0.0 0.0 4644 0
2 2 0.113346311919 0 0.0 524.0 4623 3100
3 1 0.112833763997 0 0.0 524.0 4644 3088
3 2 0.0 0 0.0 0.0 4623 0
4 1 0.0 0 0.0 0.0 4644 0
4 2 0.113346311919 0 0.0 524.0 4623 3102
5 1 0.112833763997 0 0.0 524.0 4644 3115
5 2 0.0 0 0.0 0.0 4623 0
6 1 0.0 0 0.0 0.0 4644 0
6 2 0.113346311919 0 0.0 524.0 4623 3044
{1: 0.11283376399655469, 2: 0.11334631191866754, 3: 0.11283376399655469, 4: 0.11334631191866754, 5: 0.11283376399655469, 6: 0.11334631191866754} {1: 0, 2: 0, 3: 0, 4: 0, 5: 0, 6: 0}
0.53 0 0.225953895839
./new_config_single/with_0_coupling/Test_config(20%)/test_config0.54.txt
{1: set([1]), 2: set([2]), 3: set([1]), 4: set([2]), 5: set([1]), 6: set([2])}
1 1 0.11313559322 0 0.0 534.0 4720 3167
1 2 0.0 0 0.0 0.0 4732 0
2 1 0.0 0 0.0 0.0 4720 0
2 2 0.112848689772 0 0.0 534.0 4732 3149
3 1 0.11313559322 0 0.0 534.0 4720 3129
3 2 0.0 0 0.0 0.0 4732 0
4 1 0.0 0 0.0 0.0 4720 0
4 2 0.112848689772 0 0.0 534.0 4732 3147
5 1 0.11313559322 0 0.0 534.0 4720 3144
5 2 0.0 0 0.0 0.0 4732 0
6 1 0.0 0 0.0 0.0 4720 0
6 2 0.112848689772 0 0.0 534.0 4732 3168
{1: 0.11313559322033899, 2: 0.1128486897717667, 3: 0.11313559322033899, 4: 0.1128486897717667, 5: 0.11313559322033899, 6: 0.1128486897717667} {1: 0, 2: 0, 3: 0, 4: 0, 5: 0, 6: 0}
0.54 0 0.225758298709
./new_config_single/with_0_coupling/Test_config(20%)/test_config0.55.txt
{1: set([1]), 2: set([2]), 3: set([1]), 4: set([2]), 5: set([1]), 6: set([2])}
1 1 0.112863070539 0 0.0 544.0 4820 3186
1 2 0.0 0 0.0 0.0 4817 0
2 1 0.0 0 0.0 0.0 4820 0
2 2 0.112933361013 0 0.0 544.0 4817 3219
3 1 0.112863070539 0 0.0 544.0 4820 3247
3 2 0.0 0 0.0 0.0 4817 0
4 1 0.0 0 0.0 0.0 4820 0
4 2 0.112933361013 0 0.0 544.0 4817 3219
5 1 0.112863070539 0 0.0 544.0 4820 3207
5 2 0.0 0 0.0 0.0 4817 0
6 1 0.0 0 0.0 0.0 4820 0
6 2 0.112933361013 0 0.0 544.0 4817 3196
{1: 0.11286307053941909, 2: 0.11293336101307867, 3: 0.11286307053941909, 4: 0.11293336101307867, 5: 0.11286307053941909, 6: 0.11293336101307867} {1: 0, 2: 0, 3: 0, 4: 0, 5: 0, 6: 0}
0.55 0 0.225570635121
./new_config_single/with_0_coupling/Test_config(20%)/test_config0.56.txt
{1: set([1]), 2: set([2]), 3: set([1]), 4: set([2]), 5: set([1]), 6: set([2])}
1 1 0.11317671093 0 0.0 554.0 4895 3289
1 2 0.0 0 0.0 0.0 4888 0
2 1 0.0 0 0.0 0.0 4895 0
2 2 0.113338788871 0 0.0 554.0 4888 3268
3 1 0.11317671093 0 0.0 554.0 4895 3240
3 2 0.0 0 0.0 0.0 4888 0
4 1 0.0 0 0.0 0.0 4895 0
4 2 0.113338788871 0 0.0 554.0 4888 3248
5 1 0.11317671093 0 0.0 554.0 4895 3261
5 2 0.0 0 0.0 0.0 4888 0
6 1 0.0 0 0.0 0.0 4895 0
6 2 0.113338788871 0 0.0 554.0 4888 3260
{1: 0.11317671092951992, 2: 0.11333878887070377, 3: 0.11317671092951992, 4: 0.11333878887070377, 5: 0.11317671092951992, 6: 0.11333878887070377} {1: 0, 2: 0, 3: 0, 4: 0, 5: 0, 6: 0}
0.56 0 0.2262889843
./new_config_single/with_0_coupling/Test_config(20%)/test_config0.57.txt
{1: set([1]), 2: set([2]), 3: set([1]), 4: set([2]), 5: set([1]), 6: set([2])}
1 1 0.113048707156 0 0.0 564.0 4989 3331
1 2 0.0 0 0.0 0.0 4982 0
2 1 0.0 0 0.0 0.0 4989 0
2 2 0.11320754717 0 0.0 564.0 4982 3324
3 1 0.113048707156 0 0.0 564.0 4989 3341
3 2 0.0 0 0.0 0.0 4982 0
4 1 0.0 0 0.0 0.0 4989 0
4 2 0.11320754717 0 0.0 564.0 4982 3343
5 1 0.113048707156 0 0.0 564.0 4989 3306
5 2 0.0 0 0.0 0.0 4982 0
6 1 0.0 0 0.0 0.0 4989 0
6 2 0.11320754717 0 0.0 564.0 4982 3297
{1: 0.11304870715574264, 2: 0.11320754716981132, 3: 0.11304870715574264, 4: 0.11320754716981132, 5: 0.11304870715574264, 6: 0.11320754716981132} {1: 0, 2: 0, 3: 0, 4: 0, 5: 0, 6: 0}
0.57 0 0.226029998071
./new_config_single/with_0_coupling/Test_config(20%)/test_config0.58.txt
{1: set([1]), 2: set([2]), 3: set([1]), 4: set([2]), 5: set([1]), 6: set([2])}
1 1 0.113214990138 0 0.0 574.0 5070 3356
1 2 0.0 0 0.0 0.0 5077 0
2 1 0.0 0 0.0 0.0 5070 0
2 2 0.113058893047 0 0.0 574.0 5077 3360
3 1 0.113214990138 0 0.0 574.0 5070 3367
3 2 0.0 0 0.0 0.0 5077 0
4 1 0.0 0 0.0 0.0 5070 0
4 2 0.113058893047 0 0.0 574.0 5077 3363
5 1 0.113214990138 0 0.0 574.0 5070 3417
5 2 0.0 0 0.0 0.0 5077 0
6 1 0.0 0 0.0 0.0 5070 0
6 2 0.113058893047 0 0.0 574.0 5077 3431
{1: 0.11321499013806706, 2: 0.11305889304707505, 3: 0.11321499013806706, 4: 0.11305889304707505, 5: 0.11321499013806706, 6: 0.11305889304707505} {1: 0, 2: 0, 3: 0, 4: 0, 5: 0, 6: 0}
0.58 0 0.226047609302
./new_config_single/with_0_coupling/Test_config(20%)/test_config0.59.txt
{1: set([1]), 2: set([2]), 3: set([1]), 4: set([2]), 5: set([1]), 6: set([2])}
1 1 0.113112531474 0 0.0 584.0 5163 3458
1 2 0.0 0 0.0 0.0 5163 0
2 1 0.0 0 0.0 0.0 5163 0
2 2 0.113112531474 0 0.0 584.0 5163 3411
3 1 0.113112531474 0 0.0 584.0 5163 3413
3 2 0.0 0 0.0 0.0 5163 0
4 1 0.0 0 0.0 0.0 5163 0
4 2 0.113112531474 0 0.0 584.0 5163 3433
5 1 0.113112531474 0 0.0 584.0 5163 3455
5 2 0.0 0 0.0 0.0 5163 0
6 1 0.0 0 0.0 0.0 5163 0
6 2 0.113112531474 0 0.0 584.0 5163 3482
{1: 0.11311253147394926, 2: 0.11311253147394926, 3: 0.11311253147394926, 4: 0.11311253147394926, 5: 0.11311253147394926, 6: 0.11311253147394926} {1: 0, 2: 0, 3: 0, 4: 0, 5: 0, 6: 0}
0.59 0 0.225998837885
./new_config_single/with_0_coupling/Test_config(20%)/test_config0.6.txt
{1: set([1]), 2: set([2]), 3: set([1]), 4: set([2]), 5: set([1]), 6: set([2])}
1 1 0.113293915697 0 0.0 594.0 5243 3491
1 2 0.0 0 0.0 0.0 5240 0
2 1 0.0 0 0.0 0.0 5243 0
2 2 0.113358778626 0 0.0 594.0 5240 3482
3 1 0.113293915697 0 0.0 594.0 5243 3495
3 2 0.0 0 0.0 0.0 5240 0
4 1 0.0 0 0.0 0.0 5243 0
4 2 0.113358778626 0 0.0 594.0 5240 3476
5 1 0.113293915697 0 0.0 594.0 5243 3500
5 2 0.0 0 0.0 0.0 5240 0
6 1 0.0 0 0.0 0.0 5243 0
6 2 0.113358778626 0 0.0 594.0 5240 3522
{1: 0.11329391569711997, 2: 0.1133587786259542, 3: 0.11329391569711997, 4: 0.1133587786259542, 5: 0.11329391569711997, 6: 0.1133587786259542} {1: 0, 2: 0, 3: 0, 4: 0, 5: 0, 6: 0}
0.6 0 0.226426041629
./new_config_single/with_0_coupling/Test_config(20%)/test_config0.61.txt
{1: set([1]), 2: set([2]), 3: set([1]), 4: set([2]), 5: set([1]), 6: set([2])}
1 1 0.113559322034 0 0.0 603.0 5310 3527
1 2 0.0 0 0.0 0.0 5312 0
2 1 0.0 0 0.0 0.0 5310 0
2 2 0.113516566265 0 0.0 603.0 5312 3530
3 1 0.113559322034 0 0.0 603.0 5310 3571
3 2 0.0 0 0.0 0.0 5312 0
4 1 0.0 0 0.0 0.0 5310 0
4 2 0.113516566265 0 0.0 603.0 5312 3533
5 1 0.113559322034 0 0.0 603.0 5310 3522
5 2 0.0 0 0.0 0.0 5312 0
6 1 0.0 0 0.0 0.0 5310 0
6 2 0.113516566265 0 0.0 603.0 5312 3561
{1: 0.1135593220338983, 2: 0.11351656626506024, 3: 0.1135593220338983, 4: 0.11351656626506024, 5: 0.1135593220338983, 6: 0.11351656626506024} {1: 0, 2: 0, 3: 0, 4: 0, 5: 0, 6: 0}
0.61 0 0.226848812411
./new_config_single/with_0_coupling/Test_config(20%)/test_config0.62.txt
{1: set([1]), 2: set([2]), 3: set([1]), 4: set([2]), 5: set([1]), 6: set([2])}
1 1 0.113016224189 0 0.0 613.0 5424 3666
1 2 0.0 0 0.0 0.0 5411 0
2 1 0.0 0 0.0 0.0 5424 0
2 2 0.113287747182 0 0.0 613.0 5411 3560
3 1 0.113016224189 0 0.0 613.0 5424 3584
3 2 0.0 0 0.0 0.0 5411 0
4 1 0.0 0 0.0 0.0 5424 0
4 2 0.113287747182 0 0.0 613.0 5411 3643
5 1 0.113016224189 0 0.0 613.0 5424 3598
5 2 0.0 0 0.0 0.0 5411 0
6 1 0.0 0 0.0 0.0 5424 0
6 2 0.113287747182 0 0.0 613.0 5411 3619
{1: 0.11301622418879056, 2: 0.11328774718166698, 3: 0.11301622418879056, 4: 0.11328774718166698, 5: 0.11301622418879056, 6: 0.11328774718166698} {1: 0, 2: 0, 3: 0, 4: 0, 5: 0, 6: 0}
0.62 0 0.226077667399
./new_config_single/with_0_coupling/Test_config(20%)/test_config0.63.txt
{1: set([1]), 2: set([2]), 3: set([1]), 4: set([2]), 5: set([1]), 6: set([2])}
1 1 0.113686131387 0 0.0 623.0 5480 3678
1 2 0.0 0 0.0 0.0 5498 0
2 1 0.0 0 0.0 0.0 5480 0
2 2 0.113313932339 0 0.0 623.0 5498 3667
3 1 0.113686131387 0 0.0 623.0 5480 3629
3 2 0.0 0 0.0 0.0 5498 0
4 1 0.0 0 0.0 0.0 5480 0
4 2 0.113313932339 0 0.0 623.0 5498 3652
5 1 0.113686131387 0 0.0 623.0 5480 3653
5 2 0.0 0 0.0 0.0 5498 0
6 1 0.0 0 0.0 0.0 5480 0
6 2 0.113313932339 0 0.0 623.0 5498 3677
{1: 0.11368613138686132, 2: 0.11331393233903238, 3: 0.11368613138686132, 4: 0.11331393233903238, 5: 0.11368613138686132, 6: 0.11331393233903238} {1: 0, 2: 0, 3: 0, 4: 0, 5: 0, 6: 0}
0.63 0 0.226773063662
./new_config_single/with_0_coupling/Test_config(20%)/test_config0.64.txt
{1: set([1]), 2: set([2]), 3: set([1]), 4: set([2]), 5: set([1]), 6: set([2])}
1 1 0.113644524237 0 0.0 633.0 5570 3667
1 2 0.0 0 0.0 0.0 5578 0
2 1 0.0 0 0.0 0.0 5570 0
2 2 0.1134815346 0 0.0 633.0 5578 3699
3 1 0.113644524237 0 0.0 633.0 5570 3748
3 2 0.0 0 0.0 0.0 5578 0
4 1 0.0 0 0.0 0.0 5570 0
4 2 0.1134815346 0 0.0 633.0 5578 3706
5 1 0.113644524237 0 0.0 633.0 5570 3725
5 2 0.0 0 0.0 0.0 5578 0
6 1 0.0 0 0.0 0.0 5570 0
6 2 0.1134815346 0 0.0 633.0 5578 3751
{1: 0.11364452423698385, 2: 0.11348153460021514, 3: 0.11364452423698385, 4: 0.11348153460021514, 5: 0.11364452423698385, 6: 0.11348153460021514} {1: 0, 2: 0, 3: 0, 4: 0, 5: 0, 6: 0}
0.64 0 0.226898932778
./new_config_single/with_0_coupling/Test_config(20%)/test_config0.65.txt
{1: set([1]), 2: set([2]), 3: set([1]), 4: set([2]), 5: set([1]), 6: set([2])}
1 1 0.113363892807 0 0.0 643.0 5672 3800
1 2 0.0 0 0.0 0.0 5660 0
2 1 0.0 0 0.0 0.0 5672 0
2 2 0.113604240283 0 0.0 643.0 5660 3772
3 1 0.113363892807 0 0.0 643.0 5672 3746
3 2 0.0 0 0.0 0.0 5660 0
4 1 0.0 0 0.0 0.0 5672 0
4 2 0.113604240283 0 0.0 643.0 5660 3769
5 1 0.113363892807 0 0.0 643.0 5672 3798
5 2 0.0 0 0.0 0.0 5660 0
6 1 0.0 0 0.0 0.0 5672 0
6 2 0.113604240283 0 0.0 643.0 5660 3779
{1: 0.1133638928067701, 2: 0.11360424028268551, 3: 0.1133638928067701, 4: 0.11360424028268551, 5: 0.1133638928067701, 6: 0.11360424028268551} {1: 0, 2: 0, 3: 0, 4: 0, 5: 0, 6: 0}
0.65 0 0.226741164956
./new_config_single/with_0_coupling/Test_config(20%)/test_config0.66.txt
{1: set([1]), 2: set([2]), 3: set([1]), 4: set([2]), 5: set([1]), 6: set([2])}
1 1 0.113763066202 0 0.0 653.0 5740 3827
1 2 0.0 0 0.0 0.0 5745 0
2 1 0.0 0 0.0 0.0 5740 0
2 2 0.113664055701 0 0.0 653.0 5745 3849
3 1 0.113763066202 0 0.0 653.0 5740 3844
3 2 0.0 0 0.0 0.0 5745 0
4 1 0.0 0 0.0 0.0 5740 0
4 2 0.113664055701 0 0.0 653.0 5745 3833
5 1 0.113763066202 0 0.0 653.0 5740 3809
5 2 0.0 0 0.0 0.0 5745 0
6 1 0.0 0 0.0 0.0 5740 0
6 2 0.113664055701 0 0.0 653.0 5745 3808
{1: 0.11376306620209059, 2: 0.11366405570060922, 3: 0.11376306620209059, 4: 0.11366405570060922, 5: 0.11376306620209059, 6: 0.11366405570060922} {1: 0, 2: 0, 3: 0, 4: 0, 5: 0, 6: 0}
0.66 0 0.227199694781
./new_config_single/with_0_coupling/Test_config(20%)/test_config0.67.txt
{1: set([1]), 2: set([2]), 3: set([1]), 4: set([2]), 5: set([1]), 6: set([2])}
1 1 0.113780676163 0 0.0 663.0 5827 3866
1 2 0.0 0 0.0 0.0 5820 0
2 1 0.0 0 0.0 0.0 5827 0
2 2 0.113917525773 0 0.0 663.0 5820 3888
3 1 0.113780676163 0 0.0 663.0 5827 3864
3 2 0.0 0 0.0 0.0 5820 0
4 1 0.0 0 0.0 0.0 5827 0
4 2 0.113917525773 0 0.0 663.0 5820 3858
5 1 0.113780676163 0 0.0 663.0 5827 3924
5 2 0.0 0 0.0 0.0 5820 0
6 1 0.0 0 0.0 0.0 5827 0
6 2 0.113917525773 0 0.0 663.0 5820 3894
{1: 0.11378067616269093, 2: 0.11391752577319587, 3: 0.11378067616269093, 4: 0.11391752577319587, 5: 0.11378067616269093, 6: 0.11391752577319587} {1: 0, 2: 0, 3: 0, 4: 0, 5: 0, 6: 0}
0.67 0 0.227470503734
./new_config_single/with_0_coupling/Test_config(20%)/test_config0.68.txt
{1: set([1]), 2: set([2]), 3: set([1]), 4: set([2]), 5: set([1]), 6: set([2])}
1 1 0.113932622313 0 0.0 673.0 5907 3920
1 2 0.0 0 0.0 0.0 5915 0
2 1 0.0 0 0.0 0.0 5907 0
2 2 0.113778529163 0 0.0 673.0 5915 3974
3 1 0.113932622313 0 0.0 673.0 5907 3970
3 2 0.0 0 0.0 0.0 5915 0
4 1 0.0 0 0.0 0.0 5907 0
4 2 0.113778529163 0 0.0 673.0 5915 3930
5 1 0.113932622313 0 0.0 673.0 5907 3924
5 2 0.0 0 0.0 0.0 5915 0
6 1 0.0 0 0.0 0.0 5907 0
6 2 0.113778529163 0 0.0 673.0 5915 3926
{1: 0.11393262231251058, 2: 0.11377852916314454, 3: 0.11393262231251058, 4: 0.11377852916314454, 5: 0.11393262231251058, 6: 0.11377852916314454} {1: 0, 2: 0, 3: 0, 4: 0, 5: 0, 6: 0}
0.68 0 0.227483440324
./new_config_single/with_0_coupling/Test_config(20%)/test_config0.69.txt
{1: set([1]), 2: set([2]), 3: set([1]), 4: set([2]), 5: set([1]), 6: set([2])}
1 1 0.113681757656 0 0.0 683.0 6008 4007
1 2 0.0 0 0.0 0.0 6007 0
2 1 0.0 0 0.0 0.0 6008 0
2 2 0.113700682537 0 0.0 683.0 6007 4029
3 1 0.113681757656 0 0.0 683.0 6008 3970
3 2 0.0 0 0.0 0.0 6007 0
4 1 0.0 0 0.0 0.0 6008 0
4 2 0.113700682537 0 0.0 683.0 6007 3998
5 1 0.113681757656 0 0.0 683.0 6008 4039
5 2 0.0 0 0.0 0.0 6007 0
6 1 0.0 0 0.0 0.0 6008 0
6 2 0.113700682537 0 0.0 683.0 6007 3987
{1: 0.11368175765645806, 2: 0.11370068253704012, 3: 0.11368175765645806, 4: 0.11370068253704012, 5: 0.11368175765645806, 6: 0.11370068253704012} {1: 0, 2: 0, 3: 0, 4: 0, 5: 0, 6: 0}
0.69 0 0.227155057753
./new_config_single/with_0_coupling/Test_config(20%)/test_config0.7.txt
{1: set([1]), 2: set([2]), 3: set([1]), 4: set([2]), 5: set([1]), 6: set([2])}
1 1 0.113681102362 0 0.0 693.0 6096 4097
1 2 0.0 0 0.0 0.0 6095 0
2 1 0.0 0 0.0 0.0 6096 0
2 2 0.113699753897 0 0.0 693.0 6095 4037
3 1 0.113681102362 0 0.0 693.0 6096 4024
3 2 0.0 0 0.0 0.0 6095 0
4 1 0.0 0 0.0 0.0 6096 0
4 2 0.113699753897 0 0.0 693.0 6095 4053
5 1 0.113681102362 0 0.0 693.0 6096 4071
5 2 0.0 0 0.0 0.0 6095 0
6 1 0.0 0 0.0 0.0 6096 0
6 2 0.113699753897 0 0.0 693.0 6095 4100
{1: 0.11368110236220473, 2: 0.11369975389663659, 3: 0.11368110236220473, 4: 0.11369975389663659, 5: 0.11368110236220473, 6: 0.11369975389663659} {1: 0, 2: 0, 3: 0, 4: 0, 5: 0, 6: 0}
0.7 0 0.227153475403
./new_config_single/with_0_coupling/Test_config(20%)/test_config0.71.txt
{1: set([1]), 2: set([2]), 3: set([1]), 4: set([2]), 5: set([1]), 6: set([2])}
1 1 0.114035087719 0 0.0 702.0 6156 4047
1 2 0.0 0 0.0 0.0 6189 0
2 1 0.0 0 0.0 0.0 6156 0
2 2 0.113427047988 0 0.0 702.0 6189 4118
3 1 0.114035087719 0 0.0 702.0 6156 4169
3 2 0.0 0 0.0 0.0 6189 0
4 1 0.0 0 0.0 0.0 6156 0
4 2 0.113427047988 0 0.0 702.0 6189 4152
5 1 0.114035087719 0 0.0 702.0 6156 4096
5 2 0.0 0 0.0 0.0 6189 0
6 1 0.0 0 0.0 0.0 6156 0
6 2 0.113427047988 0 0.0 702.0 6189 4108
{1: 0.11403508771929824, 2: 0.11342704798836646, 3: 0.11403508771929824, 4: 0.11342704798836646, 5: 0.11403508771929824, 6: 0.11342704798836646} {1: 0, 2: 0, 3: 0, 4: 0, 5: 0, 6: 0}
0.71 0 0.227234673572
./new_config_single/with_0_coupling/Test_config(20%)/test_config0.72.txt
{1: set([1]), 2: set([2]), 3: set([1]), 4: set([2]), 5: set([1]), 6: set([2])}
1 1 0.113847137832 0 0.0 712.0 6254 4175
1 2 0.0 0 0.0 0.0 6263 0
2 1 0.0 0 0.0 0.0 6254 0
2 2 0.11368353824 0 0.0 712.0 6263 4160
3 1 0.113847137832 0 0.0 712.0 6254 4187
3 2 0.0 0 0.0 0.0 6263 0
4 1 0.0 0 0.0 0.0 6254 0
4 2 0.11368353824 0 0.0 712.0 6263 4150
5 1 0.113847137832 0 0.0 712.0 6254 4146
5 2 0.0 0 0.0 0.0 6263 0
6 1 0.0 0 0.0 0.0 6254 0
6 2 0.11368353824 0 0.0 712.0 6263 4216
{1: 0.11384713783178765, 2: 0.11368353824045985, 3: 0.11384713783178765, 4: 0.11368353824045985, 5: 0.11384713783178765, 6: 0.11368353824045985} {1: 0, 2: 0, 3: 0, 4: 0, 5: 0, 6: 0}
0.72 0 0.227303145396
./new_config_single/with_0_coupling/Test_config(20%)/test_config0.73.txt
{1: set([1]), 2: set([2]), 3: set([1]), 4: set([2]), 5: set([1]), 6: set([2])}
1 1 0.113682884585 0 0.0 722.0 6351 4271
1 2 0.0 0 0.0 0.0 6328 0
2 1 0.0 0 0.0 0.0 6351 0
2 2 0.11409608091 0 0.0 722.0 6328 4191
3 1 0.113682884585 0 0.0 722.0 6351 4201
3 2 0.0 0 0.0 0.0 6328 0
4 1 0.0 0 0.0 0.0 6351 0
4 2 0.11409608091 0 0.0 722.0 6328 4260
5 1 0.113682884585 0 0.0 722.0 6351 4230
5 2 0.0 0 0.0 0.0 6328 0
6 1 0.0 0 0.0 0.0 6351 0
6 2 0.11409608091 0 0.0 722.0 6328 4205
{1: 0.11368288458510471, 2: 0.1140960809102402, 3: 0.11368288458510471, 4: 0.1140960809102402, 5: 0.11368288458510471, 6: 0.1140960809102402} {1: 0, 2: 0, 3: 0, 4: 0, 5: 0, 6: 0}
0.73 0 0.22755118653
./new_config_single/with_0_coupling/Test_config(20%)/test_config0.74.txt
{1: set([1]), 2: set([2]), 3: set([1]), 4: set([2]), 5: set([1]), 6: set([2])}
1 1 0.113611671582 0 0.0 732.0 6443 4265
1 2 0.0 0 0.0 0.0 6421 0
2 1 0.0 0 0.0 0.0 6443 0
2 2 0.114000934434 0 0.0 732.0 6421 4310
3 1 0.113611671582 0 0.0 732.0 6443 4276
3 2 0.0 0 0.0 0.0 6421 0
4 1 0.0 0 0.0 0.0 6443 0
4 2 0.114000934434 0 0.0 732.0 6421 4261
5 1 0.113611671582 0 0.0 732.0 6443 4345
5 2 0.0 0 0.0 0.0 6421 0
6 1 0.0 0 0.0 0.0 6443 0
6 2 0.114000934434 0 0.0 732.0 6421 4271
{1: 0.11361167158156138, 2: 0.1140009344338888, 3: 0.11361167158156138, 4: 0.1140009344338888, 5: 0.11361167158156138, 6: 0.1140009344338888} {1: 0, 2: 0, 3: 0, 4: 0, 5: 0, 6: 0}
0.74 0 0.227384993409
./new_config_single/with_0_coupling/Test_config(20%)/test_config0.75.txt
{1: set([1]), 2: set([2]), 3: set([1]), 4: set([2]), 5: set([1]), 6: set([2])}
1 1 0.11404857055 0 0.0 742.0 6506 4284
1 2 0.0 0 0.0 0.0 6500 0
2 1 0.0 0 0.0 0.0 6506 0
2 2 0.114153846154 0 0.0 742.0 6500 4336
3 1 0.11404857055 0 0.0 742.0 6506 4361
3 2 0.0 0 0.0 0.0 6500 0
4 1 0.0 0 0.0 0.0 6506 0
4 2 0.114153846154 0 0.0 742.0 6500 4348
5 1 0.11404857055 0 0.0 742.0 6506 4367
5 2 0.0 0 0.0 0.0 6500 0
6 1 0.0 0 0.0 0.0 6506 0
6 2 0.114153846154 0 0.0 742.0 6500 4316
{1: 0.1140485705502613, 2: 0.11415384615384615, 3: 0.1140485705502613, 4: 0.11415384615384615, 5: 0.1140485705502613, 6: 0.11415384615384615} {1: 0, 2: 0, 3: 0, 4: 0, 5: 0, 6: 0}
0.75 0 0.227974214287
./new_config_single/with_0_coupling/Test_config(20%)/test_config0.76.txt
{1: set([1]), 2: set([2]), 3: set([1]), 4: set([2]), 5: set([1]), 6: set([2])}
1 1 0.113835906751 0 0.0 752.0 6606 4446
1 2 0.0 0 0.0 0.0 6596 0
2 1 0.0 0 0.0 0.0 6606 0
2 2 0.114008489994 0 0.0 752.0 6596 4403
3 1 0.113835906751 0 0.0 752.0 6606 4372
3 2 0.0 0 0.0 0.0 6596 0
4 1 0.0 0 0.0 0.0 6606 0
4 2 0.114008489994 0 0.0 752.0 6596 4387
5 1 0.113835906751 0 0.0 752.0 6606 4394
5 2 0.0 0 0.0 0.0 6596 0
6 1 0.0 0 0.0 0.0 6606 0
6 2 0.114008489994 0 0.0 752.0 6596 4402
{1: 0.11383590675143809, 2: 0.11400848999393572, 3: 0.11383590675143809, 4: 0.11400848999393572, 5: 0.11383590675143809, 6: 0.11400848999393572} {1: 0, 2: 0, 3: 0, 4: 0, 5: 0, 6: 0}
0.76 0 0.227616552349
./new_config_single/with_0_coupling/Test_config(20%)/test_config0.77.txt
{1: set([1]), 2: set([2]), 3: set([1]), 4: set([2]), 5: set([1]), 6: set([2])}
1 1 0.113782290578 0 0.0 762.0 6697 4448
1 2 0.0 0 0.0 0.0 6706 0
2 1 0.0 0 0.0 0.0 6697 0
2 2 0.113629585446 0 0.0 762.0 6706 4427
3 1 0.113782290578 0 0.0 762.0 6697 4470
3 2 0.0 0 0.0 0.0 6706 0
4 1 0.0 0 0.0 0.0 6697 0
4 2 0.113629585446 0 0.0 762.0 6706 4497
5 1 0.113782290578 0 0.0 762.0 6697 4476
5 2 0.0 0 0.0 0.0 6706 0
6 1 0.0 0 0.0 0.0 6697 0
6 2 0.113629585446 0 0.0 762.0 6706 4488
{1: 0.11378229057787069, 2: 0.11362958544586937, 3: 0.11378229057787069, 4: 0.11362958544586937, 5: 0.11378229057787069, 6: 0.11362958544586937} {1: 0, 2: 0, 3: 0, 4: 0, 5: 0, 6: 0}
0.77 0 0.227184464148
./new_config_single/with_0_coupling/Test_config(20%)/test_config0.78.txt
{1: set([1]), 2: set([2]), 3: set([1]), 4: set([2]), 5: set([1]), 6: set([2])}
1 1 0.113948339483 0 0.0 772.0 6775 4570
1 2 0.0 0 0.0 0.0 6772 0
2 1 0.0 0 0.0 0.0 6775 0
2 2 0.113998818665 0 0.0 772.0 6772 4465
3 1 0.113948339483 0 0.0 772.0 6775 4510
3 2 0.0 0 0.0 0.0 6772 0
4 1 0.0 0 0.0 0.0 6775 0
4 2 0.113998818665 0 0.0 772.0 6772 4536
5 1 0.113948339483 0 0.0 772.0 6775 4470
5 2 0.0 0 0.0 0.0 6772 0
6 1 0.0 0 0.0 0.0 6775 0
6 2 0.113998818665 0 0.0 772.0 6772 4543
{1: 0.11394833948339483, 2: 0.11399881866509155, 3: 0.11394833948339483, 4: 0.11399881866509155, 5: 0.11394833948339483, 6: 0.11399881866509155} {1: 0, 2: 0, 3: 0, 4: 0, 5: 0, 6: 0}
0.78 0 0.22771921099
./new_config_single/with_0_coupling/Test_config(20%)/test_config0.79.txt
{1: set([1]), 2: set([2]), 3: set([1]), 4: set([2]), 5: set([1]), 6: set([2])}
1 1 0.114193925234 0 0.0 782.0 6848 4554
1 2 0.0 0 0.0 0.0 6871 0
2 1 0.0 0 0.0 0.0 6848 0
2 2 0.113811672246 0 0.0 782.0 6871 4578
3 1 0.114193925234 0 0.0 782.0 6848 4511
3 2 0.0 0 0.0 0.0 6871 0
4 1 0.0 0 0.0 0.0 6848 0
4 2 0.113811672246 0 0.0 782.0 6871 4590
5 1 0.114193925234 0 0.0 782.0 6848 4631
5 2 0.0 0 0.0 0.0 6871 0
6 1 0.0 0 0.0 0.0 6848 0
6 2 0.113811672246 0 0.0 782.0 6871 4574
{1: 0.11419392523364486, 2: 0.11381167224567021, 3: 0.11419392523364486, 4: 0.11381167224567021, 5: 0.11419392523364486, 6: 0.11381167224567021} {1: 0, 2: 0, 3: 0, 4: 0, 5: 0, 6: 0}
0.79 0 0.227777591882
./new_config_single/with_0_coupling/Test_config(20%)/test_config0.8.txt
{1: set([1]), 2: set([2]), 3: set([1]), 4: set([2]), 5: set([1]), 6: set([2])}
1 1 0.114467408585 0 0.0 792.0 6919 4647
1 2 0.0 0 0.0 0.0 6926 0
2 1 0.0 0 0.0 0.0 6919 0
2 2 0.114351718163 0 0.0 792.0 6926 4627
3 1 0.114467408585 0 0.0 792.0 6919 4590
3 2 0.0 0 0.0 0.0 6926 0
4 1 0.0 0 0.0 0.0 6919 0
4 2 0.114351718163 0 0.0 792.0 6926 4596
5 1 0.114467408585 0 0.0 792.0 6919 4601
5 2 0.0 0 0.0 0.0 6926 0
6 1 0.0 0 0.0 0.0 6919 0
6 2 0.114351718163 0 0.0 792.0 6926 4629
{1: 0.11446740858505565, 2: 0.1143517181634421, 3: 0.11446740858505565, 4: 0.1143517181634421, 5: 0.11446740858505565, 6: 0.1143517181634421} {1: 0, 2: 0, 3: 0, 4: 0, 5: 0, 6: 0}
0.8 0 0.228590307622
./new_config_single/with_0_coupling/Test_config(20%)/test_config0.81.txt
{1: set([1]), 2: set([2]), 3: set([1]), 4: set([2]), 5: set([1]), 6: set([2])}
1 1 0.114066277912 0 0.0 802.0 7031 4633
1 2 0.0 0 0.0 0.0 7026 0
2 1 0.0 0 0.0 0.0 7031 0
2 2 0.11414745232 0 0.0 802.0 7026 4698
3 1 0.114066277912 0 0.0 802.0 7031 4736
3 2 0.0 0 0.0 0.0 7026 0
4 1 0.0 0 0.0 0.0 7031 0
4 2 0.11414745232 0 0.0 802.0 7026 4746
5 1 0.114066277912 0 0.0 802.0 7031 4693
5 2 0.0 0 0.0 0.0 7026 0
6 1 0.0 0 0.0 0.0 7031 0
6 2 0.11414745232 0 0.0 802.0 7026 4608
{1: 0.11406627791210354, 2: 0.11414745231995445, 3: 0.11406627791210354, 4: 0.11414745231995445, 5: 0.11406627791210354, 6: 0.11414745231995445} {1: 0, 2: 0, 3: 0, 4: 0, 5: 0, 6: 0}
0.81 0 0.227985516502
./new_config_single/with_0_coupling/Test_config(20%)/test_config0.82.txt
{1: set([1]), 2: set([2]), 3: set([1]), 4: set([2]), 5: set([1]), 6: set([2])}
1 1 0.113952508079 0 0.0 811.0 7117 4757
1 2 0.0 0 0.0 0.0 7110 0
2 1 0.0 0 0.0 0.0 7117 0
2 2 0.114064697609 0 0.0 811.0 7110 4727
3 1 0.113952508079 0 0.0 811.0 7117 4755
3 2 0.0 0 0.0 0.0 7110 0
4 1 0.0 0 0.0 0.0 7117 0
4 2 0.114064697609 0 0.0 811.0 7110 4752
5 1 0.113952508079 0 0.0 811.0 7117 4722
5 2 0.0 0 0.0 0.0 7110 0
6 1 0.0 0 0.0 0.0 7117 0
6 2 0.114064697609 0 0.0 811.0 7110 4741
{1: 0.11395250807924687, 2: 0.11406469760900141, 3: 0.11395250807924687, 4: 0.11406469760900141, 5: 0.11395250807924687, 6: 0.11406469760900141} {1: 0, 2: 0, 3: 0, 4: 0, 5: 0, 6: 0}
0.82 0 0.227789188483
./new_config_single/with_0_coupling/Test_config(20%)/test_config0.83.txt
{1: set([1]), 2: set([2]), 3: set([1]), 4: set([2]), 5: set([1]), 6: set([2])}
1 1 0.114329480574 0 0.0 821.0 7181 4784
1 2 0.0 0 0.0 0.0 7180 0
2 1 0.0 0 0.0 0.0 7181 0
2 2 0.1143454039 0 0.0 821.0 7180 4736
3 1 0.114329480574 0 0.0 821.0 7181 4815
3 2 0.0 0 0.0 0.0 7180 0
4 1 0.0 0 0.0 0.0 7181 0
4 2 0.1143454039 0 0.0 821.0 7180 4809
5 1 0.114329480574 0 0.0 821.0 7181 4763
5 2 0.0 0 0.0 0.0 7180 0
6 1 0.0 0 0.0 0.0 7181 0
6 2 0.1143454039 0 0.0 821.0 7180 4815
{1: 0.11432948057373625, 2: 0.11434540389972145, 3: 0.11432948057373625, 4: 0.11434540389972145, 5: 0.11432948057373625, 6: 0.11434540389972145} {1: 0, 2: 0, 3: 0, 4: 0, 5: 0, 6: 0}
0.83 0 0.228446209589
./new_config_single/with_0_coupling/Test_config(20%)/test_config0.84.txt
{1: set([1]), 2: set([2]), 3: set([1]), 4: set([2]), 5: set([1]), 6: set([2])}
1 1 0.114132674083 0 0.0 831.0 7281 4835
1 2 0.0 0 0.0 0.0 7252 0
2 1 0.0 0 0.0 0.0 7281 0
2 2 0.114589078875 0 0.0 831.0 7252 4828
3 1 0.114132674083 0 0.0 831.0 7281 4861
3 2 0.0 0 0.0 0.0 7252 0
4 1 0.0 0 0.0 0.0 7281 0
4 2 0.114589078875 0 0.0 831.0 7252 4855
5 1 0.114132674083 0 0.0 831.0 7281 4866
5 2 0.0 0 0.0 0.0 7252 0
6 1 0.0 0 0.0 0.0 7281 0
6 2 0.114589078875 0 0.0 831.0 7252 4821
{1: 0.11413267408323033, 2: 0.11458907887479317, 3: 0.11413267408323033, 4: 0.11458907887479317, 5: 0.11413267408323033, 6: 0.11458907887479317} {1: 0, 2: 0, 3: 0, 4: 0, 5: 0, 6: 0}
0.84 0 0.228493031205
./new_config_single/with_0_coupling/Test_config(20%)/test_config0.85.txt
{1: set([1]), 2: set([2]), 3: set([1]), 4: set([2]), 5: set([1]), 6: set([2])}
1 1 0.114250781144 0 0.0 841.0 7361 4919
1 2 0.0 0 0.0 0.0 7373 0
2 1 0.0 0 0.0 0.0 7361 0
2 2 0.114064831141 0 0.0 841.0 7373 4912
3 1 0.114250781144 0 0.0 841.0 7361 4920
3 2 0.0 0 0.0 0.0 7373 0
4 1 0.0 0 0.0 0.0 7361 0
4 2 0.114064831141 0 0.0 841.0 7373 4887
5 1 0.114250781144 0 0.0 841.0 7361 4883
5 2 0.0 0 0.0 0.0 7373 0
6 1 0.0 0 0.0 0.0 7361 0
6 2 0.114064831141 0 0.0 841.0 7373 4947
{1: 0.11425078114386632, 2: 0.11406483114064832, 3: 0.11425078114386632, 4: 0.11406483114064832, 5: 0.11425078114386632, 6: 0.11406483114064832} {1: 0, 2: 0, 3: 0, 4: 0, 5: 0, 6: 0}
0.85 0 0.228087296672
./new_config_single/with_0_coupling/Test_config(20%)/test_config0.86.txt
{1: set([1]), 2: set([2]), 3: set([1]), 4: set([2]), 5: set([1]), 6: set([2])}
1 1 0.114151576123 0 0.0 851.0 7455 4968
1 2 0.0 0 0.0 0.0 7453 0
2 1 0.0 0 0.0 0.0 7455 0
2 2 0.114182208507 0 0.0 851.0 7453 4985
3 1 0.114151576123 0 0.0 851.0 7455 4946
3 2 0.0 0 0.0 0.0 7453 0
4 1 0.0 0 0.0 0.0 7455 0
4 2 0.114182208507 0 0.0 851.0 7453 4970
5 1 0.114151576123 0 0.0 851.0 7455 4996
5 2 0.0 0 0.0 0.0 7453 0
6 1 0.0 0 0.0 0.0 7455 0
6 2 0.114182208507 0 0.0 851.0 7453 4951
{1: 0.11415157612340711, 2: 0.11418220850664162, 3: 0.11415157612340711, 4: 0.11418220850664162, 5: 0.11415157612340711, 6: 0.11418220850664162} {1: 0, 2: 0, 3: 0, 4: 0, 5: 0, 6: 0}
0.86 0 0.228105450845
./new_config_single/with_0_coupling/Test_config(20%)/test_config0.87.txt
{1: set([1]), 2: set([2]), 3: set([1]), 4: set([2]), 5: set([1]), 6: set([2])}
1 1 0.114433811802 0 0.0 861.0 7524 5003
1 2 0.0 0 0.0 0.0 7531 0
2 1 0.0 0 0.0 0.0 7524 0
2 2 0.114327446554 0 0.0 861.0 7531 4966
3 1 0.114433811802 0 0.0 861.0 7524 4983
3 2 0.0 0 0.0 0.0 7531 0
4 1 0.0 0 0.0 0.0 7524 0
4 2 0.114327446554 0 0.0 861.0 7531 5033
5 1 0.114433811802 0 0.0 861.0 7524 5062
5 2 0.0 0 0.0 0.0 7531 0
6 1 0.0 0 0.0 0.0 7524 0
6 2 0.114327446554 0 0.0 861.0 7531 5063
{1: 0.11443381180223286, 2: 0.11432744655424247, 3: 0.11443381180223286, 4: 0.11432744655424247, 5: 0.11443381180223286, 6: 0.11432744655424247} {1: 0, 2: 0, 3: 0, 4: 0, 5: 0, 6: 0}
0.87 0 0.228532497098
./new_config_single/with_0_coupling/Test_config(20%)/test_config0.88.txt
{1: set([1]), 2: set([2]), 3: set([1]), 4: set([2]), 5: set([1]), 6: set([2])}
1 1 0.11439453638 0 0.0 871.0 7614 5048
1 2 0.0 0 0.0 0.0 7616 0
2 1 0.0 0 0.0 0.0 7614 0
2 2 0.114364495798 0 0.0 871.0 7616 5045
3 1 0.11439453638 0 0.0 871.0 7614 5109
3 2 0.0 0 0.0 0.0 7616 0
4 1 0.0 0 0.0 0.0 7614 0
4 2 0.114364495798 0 0.0 871.0 7616 5086
5 1 0.11439453638 0 0.0 871.0 7614 5071
5 2 0.0 0 0.0 0.0 7616 0
6 1 0.0 0 0.0 0.0 7614 0
6 2 0.114364495798 0 0.0 871.0 7616 5101
{1: 0.11439453638035198, 2: 0.11436449579831932, 3: 0.11439453638035198, 4: 0.11436449579831932, 5: 0.11439453638035198, 6: 0.11436449579831932} {1: 0, 2: 0, 3: 0, 4: 0, 5: 0, 6: 0}
0.88 0 0.228530273146
./new_config_single/with_0_coupling/Test_config(20%)/test_config0.89.txt
{1: set([1]), 2: set([2]), 3: set([1]), 4: set([2]), 5: set([1]), 6: set([2])}
1 1 0.11431166472 0 0.0 881.0 7707 5134
1 2 0.0 0 0.0 0.0 7717 0
2 1 0.0 0 0.0 0.0 7707 0
2 2 0.114163535052 0 0.0 881.0 7717 5124
3 1 0.11431166472 0 0.0 881.0 7707 5163
3 2 0.0 0 0.0 0.0 7717 0
4 1 0.0 0 0.0 0.0 7707 0
4 2 0.114163535052 0 0.0 881.0 7717 5121
5 1 0.11431166472 0 0.0 881.0 7707 5117
5 2 0.0 0 0.0 0.0 7717 0
6 1 0.0 0 0.0 0.0 7707 0
6 2 0.114163535052 0 0.0 881.0 7717 5189
{1: 0.11431166472038407, 2: 0.11416353505248153, 3: 0.11431166472038407, 4: 0.11416353505248153, 5: 0.11431166472038407, 6: 0.11416353505248153} {1: 0, 2: 0, 3: 0, 4: 0, 5: 0, 6: 0}
0.89 0 0.228246724573
./new_config_single/with_0_coupling/Test_config(20%)/test_config0.9.txt
{1: set([1]), 2: set([2]), 3: set([1]), 4: set([2]), 5: set([1]), 6: set([2])}
1 1 0.114406779661 0 0.0 891.0 7788 5141
1 2 0.0 0 0.0 0.0 7755 0
2 1 0.0 0 0.0 0.0 7788 0
2 2 0.114893617021 0 0.0 891.0 7755 5132
3 1 0.114406779661 0 0.0 891.0 7788 5206
3 2 0.0 0 0.0 0.0 7755 0
4 1 0.0 0 0.0 0.0 7788 0
4 2 0.114893617021 0 0.0 891.0 7755 5151
5 1 0.114406779661 0 0.0 891.0 7788 5229
5 2 0.0 0 0.0 0.0 7755 0
6 1 0.0 0 0.0 0.0 7788 0
6 2 0.114893617021 0 0.0 891.0 7755 5227
{1: 0.11440677966101695, 2: 0.1148936170212766, 3: 0.11440677966101695, 4: 0.1148936170212766, 5: 0.11440677966101695, 6: 0.1148936170212766} {1: 0, 2: 0, 3: 0, 4: 0, 5: 0, 6: 0}
0.9 0 0.229071096286
./new_config_single/with_0_coupling/Test_config(20%)/test_config0.91.txt
{1: set([1]), 2: set([2]), 3: set([1]), 4: set([2]), 5: set([1]), 6: set([2])}
1 1 0.114238620515 0 0.0 901.0 7887 5276
1 2 0.0 0 0.0 0.0 7877 0
2 1 0.0 0 0.0 0.0 7887 0
2 2 0.114383648597 0 0.0 901.0 7877 5251
3 1 0.114238620515 0 0.0 901.0 7887 5242
3 2 0.0 0 0.0 0.0 7877 0
4 1 0.0 0 0.0 0.0 7887 0
4 2 0.114383648597 0 0.0 901.0 7877 5273
5 1 0.114238620515 0 0.0 901.0 7887 5256
5 2 0.0 0 0.0 0.0 7877 0
6 1 0.0 0 0.0 0.0 7887 0
6 2 0.114383648597 0 0.0 901.0 7877 5230
{1: 0.11423862051477114, 2: 0.11438364859718167, 3: 0.11423862051477114, 4: 0.11438364859718167, 5: 0.11423862051477114, 6: 0.11438364859718167} {1: 0, 2: 0, 3: 0, 4: 0, 5: 0, 6: 0}
0.91 0 0.228393646843
./new_config_single/with_0_coupling/Test_config(20%)/test_config0.92.txt
{1: set([1]), 2: set([2]), 3: set([1]), 4: set([2]), 5: set([1]), 6: set([2])}
1 1 0.114826498423 0 0.0 910.0 7925 5301
1 2 0.0 0 0.0 0.0 7954 0
2 1 0.0 0 0.0 0.0 7925 0
2 2 0.114407845109 0 0.0 910.0 7954 5279
3 1 0.114826498423 0 0.0 910.0 7925 5271
3 2 0.0 0 0.0 0.0 7954 0
4 1 0.0 0 0.0 0.0 7925 0
4 2 0.114407845109 0 0.0 910.0 7954 5297
5 1 0.114826498423 0 0.0 910.0 7925 5278
5 2 0.0 0 0.0 0.0 7954 0
6 1 0.0 0 0.0 0.0 7925 0
6 2 0.114407845109 0 0.0 910.0 7954 5332
{1: 0.11482649842271293, 2: 0.11440784510937893, 3: 0.11482649842271293, 4: 0.11440784510937893, 5: 0.11482649842271293, 6: 0.11440784510937893} {1: 0, 2: 0, 3: 0, 4: 0, 5: 0, 6: 0}
0.92 0 0.229005109189
./new_config_single/with_0_coupling/Test_config(20%)/test_config0.93.txt
{1: set([1]), 2: set([2]), 3: set([1]), 4: set([2]), 5: set([1]), 6: set([2])}
1 1 0.115288220551 0 0.0 920.0 7980 5345
1 2 0.0 0 0.0 0.0 8030 0
2 1 0.0 0 0.0 0.0 7980 0
2 2 0.114570361146 0 0.0 920.0 8030 5332
3 1 0.115288220551 0 0.0 920.0 7980 5303
3 2 0.0 0 0.0 0.0 8030 0
4 1 0.0 0 0.0 0.0 7980 0
4 2 0.114570361146 0 0.0 920.0 8030 5407
5 1 0.115288220551 0 0.0 920.0 7980 5312
5 2 0.0 0 0.0 0.0 8030 0
6 1 0.0 0 0.0 0.0 7980 0
6 2 0.114570361146 0 0.0 920.0 8030 5321
{1: 0.11528822055137844, 2: 0.11457036114570361, 3: 0.11528822055137844, 4: 0.11457036114570361, 5: 0.11528822055137844, 6: 0.11457036114570361} {1: 0, 2: 0, 3: 0, 4: 0, 5: 0, 6: 0}
0.93 0 0.229628723115
./new_config_single/with_0_coupling/Test_config(20%)/test_config0.94.txt
{1: set([1]), 2: set([2]), 3: set([1]), 4: set([2]), 5: set([1]), 6: set([2])}
1 1 0.114616711856 0 0.0 930.0 8114 5427
1 2 0.0 0 0.0 0.0 8118 0
2 1 0.0 0 0.0 0.0 8114 0
2 2 0.114560236511 0 0.0 930.0 8118 5388
3 1 0.114616711856 0 0.0 930.0 8114 5415
3 2 0.0 0 0.0 0.0 8118 0
4 1 0.0 0 0.0 0.0 8114 0
4 2 0.114560236511 0 0.0 930.0 8118 5444
5 1 0.114616711856 0 0.0 930.0 8114 5386
5 2 0.0 0 0.0 0.0 8118 0
6 1 0.0 0 0.0 0.0 8114 0
6 2 0.114560236511 0 0.0 930.0 8118 5404
{1: 0.11461671185605127, 2: 0.11456023651145603, 3: 0.11461671185605127, 4: 0.11456023651145603, 5: 0.11461671185605127, 6: 0.11456023651145603} {1: 0, 2: 0, 3: 0, 4: 0, 5: 0, 6: 0}
0.94 0 0.228947771419
./new_config_single/with_0_coupling/Test_config(20%)/test_config0.95.txt
{1: set([1]), 2: set([2]), 3: set([1]), 4: set([2]), 5: set([1]), 6: set([2])}
1 1 0.114690092728 0 0.0 940.0 8196 5430
1 2 0.0 0 0.0 0.0 8219 0
2 1 0.0 0 0.0 0.0 8196 0
2 2 0.114369144665 0 0.0 940.0 8219 5467
3 1 0.114690092728 0 0.0 940.0 8196 5465
3 2 0.0 0 0.0 0.0 8219 0
4 1 0.0 0 0.0 0.0 8196 0
4 2 0.114369144665 0 0.0 940.0 8219 5504
5 1 0.114690092728 0 0.0 940.0 8196 5497
5 2 0.0 0 0.0 0.0 8219 0
6 1 0.0 0 0.0 0.0 8196 0
6 2 0.114369144665 0 0.0 940.0 8219 5467
{1: 0.11469009272816008, 2: 0.11436914466480107, 3: 0.11469009272816008, 4: 0.11436914466480107, 5: 0.11469009272816008, 6: 0.11436914466480107} {1: 0, 2: 0, 3: 0, 4: 0, 5: 0, 6: 0}
0.95 0 0.228830178156
./new_config_single/with_0_coupling/Test_config(20%)/test_config0.96.txt
{1: set([1]), 2: set([2]), 3: set([1]), 4: set([2]), 5: set([1]), 6: set([2])}
1 1 0.114513018322 0 0.0 950.0 8296 5523
1 2 0.0 0 0.0 0.0 8281 0
2 1 0.0 0 0.0 0.0 8296 0
2 2 0.114720444391 0 0.0 950.0 8281 5588
3 1 0.114513018322 0 0.0 950.0 8296 5560
3 2 0.0 0 0.0 0.0 8281 0
4 1 0.0 0 0.0 0.0 8296 0
4 2 0.114720444391 0 0.0 950.0 8281 5499
5 1 0.114513018322 0 0.0 950.0 8296 5509
5 2 0.0 0 0.0 0.0 8281 0
6 1 0.0 0 0.0 0.0 8296 0
6 2 0.114720444391 0 0.0 950.0 8281 5475
{1: 0.11451301832208294, 2: 0.11472044439077406, 3: 0.11451301832208294, 4: 0.11472044439077406, 5: 0.11451301832208294, 6: 0.11472044439077406} {1: 0, 2: 0, 3: 0, 4: 0, 5: 0, 6: 0}
0.96 0 0.22900422925
./new_config_single/with_0_coupling/Test_config(20%)/test_config0.97.txt
{1: set([1]), 2: set([2]), 3: set([1]), 4: set([2]), 5: set([1]), 6: set([2])}
1 1 0.11443557039 0 0.0 960.0 8389 5593
1 2 0.0 0 0.0 0.0 8372 0
2 1 0.0 0 0.0 0.0 8389 0
2 2 0.114667940755 0 0.0 960.0 8372 5565
3 1 0.11443557039 0 0.0 960.0 8389 5587
3 2 0.0 0 0.0 0.0 8372 0
4 1 0.0 0 0.0 0.0 8389 0
4 2 0.114667940755 0 0.0 960.0 8372 5619
5 1 0.11443557039 0 0.0 960.0 8389 5598
5 2 0.0 0 0.0 0.0 8372 0
6 1 0.0 0 0.0 0.0 8389 0
6 2 0.114667940755 0 0.0 960.0 8372 5560
{1: 0.11443557038979617, 2: 0.11466794075489728, 3: 0.11443557038979617, 4: 0.11466794075489728, 5: 0.11443557038979617, 6: 0.11466794075489728} {1: 0, 2: 0, 3: 0, 4: 0, 5: 0, 6: 0}
0.97 0 0.228874407634
./new_config_single/with_0_coupling/Test_config(20%)/test_config0.98.txt
{1: set([1]), 2: set([2]), 3: set([1]), 4: set([2]), 5: set([1]), 6: set([2])}
1 1 0.114792899408 0 0.0 970.0 8450 5636
1 2 0.0 0 0.0 0.0 8454 0
2 1 0.0 0 0.0 0.0 8450 0
2 2 0.114738585285 0 0.0 970.0 8454 5665
3 1 0.114792899408 0 0.0 970.0 8450 5631
3 2 0.0 0 0.0 0.0 8454 0
4 1 0.0 0 0.0 0.0 8450 0
4 2 0.114738585285 0 0.0 970.0 8454 5611
5 1 0.114792899408 0 0.0 970.0 8450 5633
5 2 0.0 0 0.0 0.0 8454 0
6 1 0.0 0 0.0 0.0 8450 0
6 2 0.114738585285 0 0.0 970.0 8454 5632
{1: 0.11479289940828402, 2: 0.11473858528507215, 3: 0.11479289940828402, 4: 0.11473858528507215, 5: 0.11479289940828402, 6: 0.11473858528507215} {1: 0, 2: 0, 3: 0, 4: 0, 5: 0, 6: 0}
0.98 0 0.229301953209
./new_config_single/with_0_coupling/Test_config(20%)/test_config0.99.txt
{1: set([1]), 2: set([2]), 3: set([1]), 4: set([2]), 5: set([1]), 6: set([2])}
1 1 0.114606478774 0 0.0 980.0 8551 5722
1 2 0.0 0 0.0 0.0 8535 0
2 1 0.0 0 0.0 0.0 8551 0
2 2 0.11482132396 0 0.0 980.0 8535 5667
3 1 0.114606478774 0 0.0 980.0 8551 5673
3 2 0.0 0 0.0 0.0 8535 0
4 1 0.0 0 0.0 0.0 8551 0
4 2 0.11482132396 0 0.0 980.0 8535 5721
5 1 0.114606478774 0 0.0 980.0 8551 5707
5 2 0.0 0 0.0 0.0 8535 0
6 1 0.0 0 0.0 0.0 8551 0
6 2 0.11482132396 0 0.0 980.0 8535 5682
{1: 0.11460647877441235, 2: 0.11482132396016403, 3: 0.11460647877441235, 4: 0.11482132396016403, 5: 0.11460647877441235, 6: 0.11482132396016403} {1: 0, 2: 0, 3: 0, 4: 0, 5: 0, 6: 0}
0.99 0 0.229198374932
./new_config_single/with_0_coupling/Test_config(20%)/test_config1.0.txt
{1: set([1]), 2: set([2]), 3: set([1]), 4: set([2]), 5: set([1]), 6: set([2])}
1 1 0.115183246073 0 0.0 990.0 8595 5724
1 2 0.0 0 0.0 0.0 8614 0
2 1 0.0 0 0.0 0.0 8595 0
2 2 0.114929185048 0 0.0 990.0 8614 5783
3 1 0.115183246073 0 0.0 990.0 8595 5713
3 2 0.0 0 0.0 0.0 8614 0
4 1 0.0 0 0.0 0.0 8595 0
4 2 0.114929185048 0 0.0 990.0 8614 5732
5 1 0.115183246073 0 0.0 990.0 8595 5753
5 2 0.0 0 0.0 0.0 8614 0
6 1 0.0 0 0.0 0.0 8595 0
6 2 0.114929185048 0 0.0 990.0 8614 5713
{1: 0.11518324607329843, 2: 0.11492918504759693, 3: 0.11518324607329843, 4: 0.11492918504759693, 5: 0.11518324607329843, 6: 0.11492918504759693} {1: 0, 2: 0, 3: 0, 4: 0, 5: 0, 6: 0}
1.0 0 0.22988231869
