0.0 0 0.416160314543
0.01 300 0.440024178847
0.02 600 0.443228536106
0.03 900 0.443648664879
0.04 1200 0.443806912835
0.05 1500 0.443838549385
0.06 1800 0.443809003983
0.07 2100 0.443774825527
0.08 2400 0.443735928421
0.09 2700 0.44370053879
0.1 3000 0.44365381603
0.11 3300 0.44360291383
0.12 3600 0.443547957659
0.13 3900 0.443489069367
0.14 4200 0.443426367298
0.15 4500 0.443359966402
0.16 4800 0.443289978344
0.17 5100 0.443216511601
0.18 5400 0.443139671567
0.19 5700 0.443059560643
0.2 6000 0.442976278338
0.21 6300 0.442889921347
0.22 6600 0.442800583648
0.23 6900 0.442708356577
0.24 7200 0.442613328915
0.25 7500 0.442515586961
0.26 7800 0.442415214608
0.27 8100 0.442312293419
0.28 8400 0.44220690269
0.29 8700 0.442099119528
0.3 9000 0.441989018906
0.31 9300 0.441876673733
0.32 9600 0.441762154914
0.33 9900 0.441645531407
0.34 10200 0.441526870284
0.35 10500 0.441406236784
0.36 10800 0.441283694365
0.37 11100 0.44115930476
0.38 11400 0.441033128026
0.39 11700 0.440905222589
0.4 12000 0.440775645296
0.41 12300 0.440644451459
0.42 12600 0.440511694897
0.43 12900 0.44037742798
0.44 13200 0.440241701673
0.45 13500 0.440104565571
0.46 13800 0.439966067942
0.47 14100 0.439826255763
0.48 14400 0.439685174756
0.49 14700 0.439542869424
0.5 15000 0.439399383086
0.51 15300 0.439254757907
0.52 15600 0.439109034933
0.53 15900 0.438962254124
0.54 16200 0.438814454376
0.55 16500 0.438665673562
0.56 16800 0.43851594855
0.57 17097 0.438366825949
0.58 17400 0.438213808569
0.59 17700 0.438061462578
0.6 18000 0.437908310397
0.61 18300 0.437754384287
0.62 18600 0.437599715663
0.63 18900 0.437444335114
0.64 19200 0.437288272428
0.65 19500 0.43713155661
0.66 19800 0.436974215909
0.67 20100 0.43681627783
0.68 20400 0.436657769162
0.69 20697 0.436500309135
0.7 21000 0.436339143725
0.71 21300 0.436179077102
0.72 21600 0.436018540219
0.73 21900 0.435857556541
0.74 22200 0.435696148921
0.75 22500 0.435534339618
0.76 22800 0.435372150307
0.77 23100 0.435209602099
0.78 23400 0.435046715552
0.79 23700 0.434883510691
0.8 24000 0.434720007015
0.81 24300 0.434556223517
0.82 24600 0.434392178691
0.83 24900 0.43422789055
0.84 25200 0.434063376637
0.85 25500 0.433898654034
0.86 25800 0.433733739378
0.87 26100 0.433568648871
0.88 26400 0.433403398289
0.89 26700 0.433238002997
0.9 27000 0.433072477956
0.91 27300 0.432906837733
0.92 27600 0.432741096514
0.93 27900 0.432575268114
0.94 28200 0.432409365979
0.95 28500 0.432243403206
0.96 28800 0.432077392544
0.97 29100 0.431911346405
0.98 29400 0.431745276874
0.99 29700 0.431579195714
1.0 30000 0.431413114379
