0.0 0 0.416160314543
0.01 300 0.440208733229
0.02 600 0.443933906431
0.03 900 0.44475195598
0.04 1200 0.44512670289
0.05 1500 0.445410735601
0.06 1800 0.445716934484
0.07 2100 0.445973614268
0.08 2400 0.446232362324
0.09 2700 0.44647519624
0.1 3000 0.446708488241
0.11 3300 0.446932510243
0.12 3600 0.447147525279
0.13 3900 0.447353787853
0.14 4200 0.447551544268
0.15 4500 0.447741032944
0.16 4800 0.44792248472
0.17 5100 0.44809612314
0.18 5400 0.44826216473
0.19 5700 0.448420819258
0.2 6000 0.448572289989
0.21 6300 0.448716773919
0.22 6600 0.448854462008
0.23 6900 0.448985539399
0.24 7200 0.449110185625
0.25 7500 0.449228574812
0.26 7800 0.449340875871
0.27 8100 0.449447252682
0.28 8400 0.449547864269
0.29 8700 0.449642864971
0.3 9000 0.449732404602
0.31 9300 0.449816628609
0.32 9600 0.449895678219
0.33 9900 0.449969690583
0.34 10200 0.450038798913
0.35 10500 0.450103132615
0.36 10800 0.450162817415
0.37 11100 0.450217975479
0.38 11400 0.450268725535
0.39 11700 0.450315182979
0.4 12000 0.45035745999
0.41 12300 0.450395665629
0.42 12600 0.450429905941
0.43 12900 0.45046028405
0.44 13200 0.450486900255
0.45 13500 0.450509852118
0.46 13800 0.450529234547
0.47 14100 0.450545139883
0.48 14400 0.450557657977
0.49 14700 0.450566876271
0.5 15000 0.450572879865
0.51 15300 0.450575751596
0.52 15600 0.450575572105
0.53 15900 0.450572419898
0.54 16200 0.450566371421
0.55 16500 0.450557501109
0.56 16800 0.450545881459
0.57 17094 0.450514817194
0.58 17400 0.450514674737
0.59 17700 0.450495223442
0.6 18000 0.450473294465
0.61 18300 0.450448951407
0.62 18600 0.450422256239
0.63 18900 0.450393269358
0.64 19200 0.450362049624
0.65 19500 0.450328654407
0.66 19800 0.450293139632
0.67 20100 0.450255559816
0.68 20400 0.450215968109
0.69 20694 0.450159408477
0.7 21000 0.450130955022
0.71 21300 0.450085633451
0.72 21600 0.450038499676
0.73 21900 0.449989600568
0.74 22200 0.449938981844
0.75 22500 0.449886688097
0.76 22800 0.449832762832
0.77 23100 0.449777248489
0.78 23400 0.449720186477
0.79 23700 0.4496616172
0.8 24000 0.449601580082
0.81 24300 0.449540113599
0.82 24600 0.449477255297
0.83 24900 0.449413041821
0.84 25200 0.44934750894
0.85 25500 0.449280691567
0.86 25800 0.449212623783
0.87 26100 0.449143338857
0.88 26400 0.449072869272
0.89 26700 0.449001246739
0.9 27000 0.448928502222
0.91 27300 0.448854665955
0.92 27600 0.448779767462
0.93 27900 0.448703835574
0.94 28200 0.448626898447
0.95 28500 0.448548983578
0.96 28800 0.448470117827
0.97 29100 0.448390327426
0.98 29400 0.448309638
0.99 29700 0.448228074578
1.0 30000 0.448145661612
