0.0 0 0.416160314543
0.01 300 0.443411566698
0.02 600 0.449981737421
0.03 900 0.453601639673
0.04 1200 0.456772072715
0.05 1500 0.459837226018
0.06 1800 0.462824635068
0.07 2100 0.465768725584
0.08 2400 0.468637047099
0.09 2700 0.471447113287
0.1 3000 0.474200538143
0.11 3300 0.476898877956
0.12 3600 0.479543633854
0.13 3900 0.482136254226
0.14 4200 0.484678137
0.15 4500 0.487170631821
0.16 4800 0.489615042105
0.17 5100 0.49201262699
0.18 5400 0.494364603198
0.19 5700 0.496672146792
0.2 6000 0.498936394851
0.21 6300 0.501158447067
0.22 6600 0.503339367253
0.23 6900 0.505480184793
0.24 7200 0.507581896008
0.25 7500 0.509645465469
0.26 7800 0.511671827236
0.27 8100 0.513661886054
0.28 8400 0.515616518479
0.29 8700 0.51753657396
0.3 9000 0.519422875871
0.31 9300 0.521276222497
0.32 9600 0.523097387969
0.33 9900 0.524887123166
0.34 10200 0.526646156572
0.35 10500 0.528375195096
0.36 10800 0.530074924861
0.37 11100 0.531746011946
0.38 11400 0.533389103113
0.39 11700 0.535004826492
0.4 12000 0.536593792237
0.41 12300 0.53815659316
0.42 12600 0.539693805335
0.43 12900 0.541205988678
0.44 13200 0.542693687501
0.45 13500 0.544157431046
0.46 13800 0.545597733995
0.47 14100 0.547015096964
0.48 14400 0.548410006971
0.49 14700 0.549782937887
0.5 15000 0.551134350874
0.51 15300 0.552464694801
0.52 15600 0.553774406645
0.53 15900 0.555063911873
0.54 16200 0.556333624819
0.55 16500 0.557583949036
0.56 16800 0.55881527764
0.57 17097 0.560015957378
0.58 17400 0.561222470253
0.59 17700 0.562399071219
0.6 18000 0.563558151081
0.61 18300 0.564700055481
0.62 18600 0.565825121426
0.63 18900 0.566933677555
0.64 19200 0.568026044389
0.65 19500 0.569102534579
0.66 19800 0.570163453142
0.67 20100 0.571209097684
0.68 20400 0.572239758624
0.69 20697 0.573245631649
0.7 21000 0.574257256694
0.71 21300 0.575244640587
0.72 21600 0.576218134792
0.73 21900 0.577177996816
0.74 22200 0.578124478145
0.75 22500 0.579057824409
0.76 22800 0.579978275555
0.77 23100 0.580886066003
0.78 23400 0.581781424802
0.79 23700 0.58266457578
0.8 24000 0.583535737687
0.81 24300 0.584395124339
0.82 24600 0.585242944749
0.83 24900 0.58607940326
0.84 25200 0.586904699673
0.85 25500 0.587719029369
0.86 25800 0.588522583425
0.87 26100 0.589315548735
0.88 26400 0.590098108114
0.89 26700 0.590870440413
0.9 27000 0.591632720619
0.91 27300 0.592385119959
0.92 27600 0.593127805994
0.93 27900 0.593860942719
0.94 28200 0.594584690654
0.95 28500 0.595299206931
0.96 28800 0.596004645381
0.97 29100 0.596701156622
0.98 29400 0.597388888135
0.99 29700 0.598067984348
1.0 30000 0.598738586709
