0.0 0 0.416160314543
0.01 300 0.440461145144
0.02 600 0.444693151964
0.03 900 0.445712666909
0.04 1200 0.446405927341
0.05 1500 0.44702950485
0.06 1800 0.447614270263
0.07 2100 0.44817244658
0.08 2400 0.448714868074
0.09 2700 0.44924985369
0.1 3000 0.449763160453
0.11 3300 0.450262106655
0.12 3600 0.450747092898
0.13 3900 0.451218506339
0.14 4200 0.451676721238
0.15 4500 0.452122099486
0.16 4800 0.452554991096
0.17 5100 0.452975734679
0.18 5400 0.453384657893
0.19 5700 0.453782077873
0.2 6000 0.45416830164
0.21 6300 0.454543626491
0.22 6600 0.454908340369
0.23 6900 0.455262722221
0.24 7200 0.455607042334
0.25 7500 0.455941562663
0.26 7800 0.456266537134
0.27 8100 0.456582211946
0.28 8400 0.456888825848
0.29 8700 0.457186610414
0.3 9000 0.457475790299
0.31 9300 0.457756583486
0.32 9600 0.458029201525
0.33 9900 0.458293849759
0.34 10200 0.458550727542
0.35 10500 0.458800028446
0.36 10800 0.459041940464
0.37 11100 0.459276646197
0.38 11400 0.459504323043
0.39 11700 0.45972514337
0.4 12000 0.459939274684
0.41 12300 0.460146879799
0.42 12600 0.460348116984
0.43 12900 0.46054314012
0.44 13200 0.460732098838
0.45 13500 0.460915138666
0.46 13800 0.461092401152
0.47 14100 0.461264024003
0.48 14400 0.461430141199
0.49 14700 0.461590883117
0.5 15000 0.461746376644
0.51 15300 0.461896745286
0.52 15600 0.462042109276
0.53 15900 0.462182585673
0.54 16200 0.462318288465
0.55 16500 0.462449328657
0.56 16800 0.462575814368
0.57 17094 0.462682644879
0.58 17400 0.462815540906
0.59 17700 0.462928984306
0.6 18000 0.463038278534
0.61 18300 0.463143518526
0.62 18600 0.463244796816
0.63 18900 0.463342203602
0.64 19200 0.46343582682
0.65 19500 0.463525752204
0.66 19800 0.463612063355
0.67 20100 0.463694841801
0.68 20400 0.463774167055
0.69 20694 0.463836736942
0.7 21000 0.463922766319
0.71 21300 0.463992189799
0.72 21600 0.464058459133
0.73 21900 0.464121644596
0.74 22200 0.464181814766
0.75 22500 0.464239036576
0.76 22800 0.464293375357
0.77 23100 0.464344894879
0.78 23400 0.464393657402
0.79 23700 0.464439723709
0.8 24000 0.46448315315
0.81 24300 0.464524003681
0.82 24600 0.464562331902
0.83 24900 0.464598193092
0.84 25200 0.464631641244
0.85 25500 0.464662729101
0.86 25800 0.464691508188
0.87 26100 0.464718028844
0.88 26400 0.464742340254
0.89 26700 0.46476449048
0.9 27000 0.464784526488
0.91 27300 0.464802494178
0.92 27600 0.46481843841
0.93 27900 0.464832403035
0.94 28200 0.464844430914
0.95 28500 0.464854563951
0.96 28800 0.464862843111
0.97 29100 0.464869308448
0.98 29400 0.464873999126
0.99 29700 0.464876953441
1.0 30000 0.464878208845
