0.0 0 0.416160314543
0.01 300 0.44099108573
0.02 600 0.445322943953
0.03 900 0.446661930301
0.04 1200 0.447677720746
0.05 1500 0.448645261575
0.06 1800 0.449522165566
0.07 2100 0.450370912904
0.08 2400 0.451211181163
0.09 2700 0.452024511139
0.1 3000 0.452817832664
0.11 3300 0.453591703068
0.12 3600 0.454346660518
0.13 3900 0.455083224825
0.14 4200 0.455801898208
0.15 4500 0.456503166028
0.16 4800 0.457187497472
0.17 5100 0.457855346218
0.18 5400 0.458507151056
0.19 5700 0.459143336488
0.2 6000 0.459764313292
0.21 6300 0.460370479063
0.22 6600 0.460962218729
0.23 6900 0.461539905042
0.24 7200 0.462103899043
0.25 7500 0.462654550513
0.26 7800 0.463192198397
0.27 8100 0.463717171209
0.28 8400 0.464229787427
0.29 8700 0.464730355857
0.3 9000 0.465219175995
0.31 9300 0.465696538362
0.32 9600 0.46616272483
0.33 9900 0.466618008935
0.34 10200 0.467062656171
0.35 10500 0.467496924278
0.36 10800 0.467921063514
0.37 11100 0.468335316916
0.38 11400 0.468739920552
0.39 11700 0.46913510376
0.4 12000 0.469521089378
0.41 12300 0.469898093969
0.42 12600 0.470266328028
0.43 12900 0.47062599619
0.44 13200 0.470977297421
0.45 13500 0.471320425213
0.46 13800 0.471655567758
0.47 14100 0.471982908123
0.48 14400 0.47230262442
0.49 14700 0.472614889963
0.5 15000 0.472919873422
0.51 15300 0.473217738975
0.52 15600 0.473508646447
0.53 15900 0.473792751448
0.54 16200 0.474070205509
0.55 16500 0.474341156204
0.56 16800 0.474605747277
0.57 17094 0.474850472564
0.58 17400 0.475116407074
0.59 17700 0.47536274517
0.6 18000 0.475603262602
0.61 18300 0.475838085645
0.62 18600 0.476067337392
0.63 18900 0.476291137846
0.64 19200 0.476509604016
0.65 19500 0.476722850001
0.66 19800 0.476930987079
0.67 20100 0.477134123786
0.68 20400 0.477332366001
0.69 20694 0.477514065407
0.7 21000 0.477714577616
0.71 21300 0.477898746148
0.72 21600 0.478078418591
0.73 21900 0.478253688623
0.74 22200 0.478424647688
0.75 22500 0.478591385055
0.76 22800 0.478753987881
0.77 23100 0.47891254127
0.78 23400 0.479067128327
0.79 23700 0.479217830217
0.8 24000 0.479364726217
0.81 24300 0.479507893763
0.82 24600 0.479647408508
0.83 24900 0.479783344363
0.84 25200 0.479915773548
0.85 25500 0.480044766634
0.86 25800 0.480170392592
0.87 26100 0.48029271883
0.88 26400 0.480411811237
0.89 26700 0.480527734222
0.9 27000 0.480640550755
0.91 27300 0.480750322401
0.92 27600 0.480857109358
0.93 27900 0.480960970495
0.94 28200 0.481061963382
0.95 28500 0.481160144323
0.96 28800 0.481255568395
0.97 29100 0.48134828947
0.98 29400 0.481438360252
0.99 29700 0.481525832304
1.0 30000 0.481610756078
