0.0 0 0.416160314543
0.01 300 0.441518928489
0.02 600 0.445834666204
0.03 900 0.447674479401
0.04 1200 0.448991461859
0.05 1500 0.450223677227
0.06 1800 0.451419501345
0.07 2100 0.452563845856
0.08 2400 0.453700590583
0.09 2700 0.454799168589
0.1 3000 0.455872504875
0.11 3300 0.45692129948
0.12 3600 0.457946228137
0.13 3900 0.45894794331
0.14 4200 0.459927075179
0.15 4500 0.46088423257
0.16 4800 0.461820003848
0.17 5100 0.462734957757
0.18 5400 0.463629644219
0.19 5700 0.464504595103
0.2 6000 0.465360324943
0.21 6300 0.466197331635
0.22 6600 0.46701609709
0.23 6900 0.467817087864
0.24 7200 0.468600755753
0.25 7500 0.469367538364
0.26 7800 0.47011785966
0.27 8100 0.470852130473
0.28 8400 0.471570749006
0.29 8700 0.472274101301
0.3 9000 0.472962561692
0.31 9300 0.473636493239
0.32 9600 0.474296248136
0.33 9900 0.474942168111
0.34 10200 0.475574584799
0.35 10500 0.476193820109
0.36 10800 0.476800186563
0.37 11100 0.477393987635
0.38 11400 0.477975518061
0.39 11700 0.47854506415
0.4 12000 0.479102904072
0.41 12300 0.479649308139
0.42 12600 0.480184539072
0.43 12900 0.480708852259
0.44 13200 0.481222496004
0.45 13500 0.481725711761
0.46 13800 0.482218734363
0.47 14100 0.482701792243
0.48 14400 0.483175107642
0.49 14700 0.483638896809
0.5 15000 0.484093370201
0.51 15300 0.484538732665
0.52 15600 0.484975183618
0.53 15900 0.485402917223
0.54 16200 0.485822122553
0.55 16500 0.486232983752
0.56 16800 0.486635680186
0.57 17094 0.487018300249
0.58 17400 0.487417273243
0.59 17700 0.487796506034
0.6 18000 0.488168246671
0.61 18300 0.488532652765
0.62 18600 0.488889877968
0.63 18900 0.48924007209
0.64 19200 0.489583381212
0.65 19500 0.489919947798
0.66 19800 0.490249910802
0.67 20100 0.490573405772
0.68 20400 0.490890564947
0.69 20694 0.491191393873
0.7 21000 0.491506388913
0.71 21300 0.491805302496
0.72 21600 0.492098378048
0.73 21900 0.492385732651
0.74 22200 0.492667480611
0.75 22500 0.492943733534
0.76 22800 0.493214600406
0.77 23100 0.49348018766
0.78 23400 0.493740599252
0.79 23700 0.493995936726
0.8 24000 0.494246299284
0.81 24300 0.494491783846
0.82 24600 0.494732485114
0.83 24900 0.494968495634
0.84 25200 0.495199905851
0.85 25500 0.495426804168
0.86 25800 0.495649276997
0.87 26100 0.495867408816
0.88 26400 0.496081282219
0.89 26700 0.496290977964
0.9 27000 0.496496575021
0.91 27300 0.496698150623
0.92 27600 0.496895780306
0.93 27900 0.497089537956
0.94 28200 0.497279495849
0.95 28500 0.497465724696
0.96 28800 0.497648293679
0.97 29100 0.497827270492
0.98 29400 0.498002721378
0.99 29700 0.498174711168
1.0 30000 0.498343303311
