0.0 0 0.416160314543
0.01 300 0.441554250606
0.02 600 0.446627794701
0.03 900 0.448638626212
0.04 1200 0.450299665588
0.05 1500 0.451837914361
0.06 1800 0.453327396648
0.07 2100 0.454774825446
0.08 2400 0.456190000002
0.09 2700 0.457573826039
0.1 3000 0.458927177087
0.11 3300 0.460250895893
0.12 3600 0.461545795757
0.13 3900 0.462812661796
0.14 4200 0.464052252149
0.15 4500 0.465265299112
0.16 4800 0.466452510224
0.17 5100 0.467614569296
0.18 5400 0.468752137382
0.19 5700 0.469865853718
0.2 6000 0.470956336594
0.21 6300 0.472024184207
0.22 6600 0.47306997545
0.23 6900 0.474094270685
0.24 7200 0.475097612462
0.25 7500 0.476080526215
0.26 7800 0.477043520922
0.27 8100 0.477987089736
0.28 8400 0.478911710585
0.29 8700 0.479817846744
0.3 9000 0.480705947389
0.31 9300 0.481576448115
0.32 9600 0.482429771441
0.33 9900 0.483266327286
0.34 10200 0.484086513428
0.35 10500 0.48489071594
0.36 10800 0.485679309613
0.37 11100 0.486452658353
0.38 11400 0.48721111557
0.39 11700 0.48795502454
0.4 12000 0.488684718767
0.41 12300 0.489400522309
0.42 12600 0.490102750116
0.43 12900 0.490791708329
0.44 13200 0.491467694587
0.45 13500 0.492130998308
0.46 13800 0.492781900969
0.47 14100 0.493420676364
0.48 14400 0.494047590863
0.49 14700 0.494662903655
0.5 15000 0.49526686698
0.51 15300 0.495859726354
0.52 15600 0.496441720789
0.53 15900 0.497013082998
0.54 16200 0.497574039598
0.55 16500 0.498124811299
0.56 16800 0.498665613095
0.57 17094 0.499186127934
0.58 17400 0.499718139411
0.59 17700 0.500230266899
0.6 18000 0.500733230739
0.61 18300 0.501227219884
0.62 18600 0.501712418545
0.63 18900 0.502189006334
0.64 19200 0.502657158408
0.65 19500 0.503117045595
0.66 19800 0.503568834525
0.67 20100 0.504012687757
0.68 20400 0.504448763893
0.69 20694 0.504868722338
0.7 21000 0.50529820021
0.71 21300 0.505711858845
0.72 21600 0.506118337505
0.73 21900 0.506517776678
0.74 22200 0.506910313533
0.75 22500 0.507296082014
0.76 22800 0.507675212931
0.77 23100 0.508047834051
0.78 23400 0.508414070177
0.79 23700 0.508774043235
0.8 24000 0.509127872351
0.81 24300 0.509475673928
0.82 24600 0.50981756172
0.83 24900 0.510153646905
0.84 25200 0.510484038155
0.85 25500 0.510808841701
0.86 25800 0.511128161402
0.87 26100 0.511442098803
0.88 26400 0.511750753202
0.89 26700 0.512054221705
0.9 27000 0.512352599287
0.91 27300 0.512645978846
0.92 27600 0.512934451254
0.93 27900 0.513218105416
0.94 28200 0.513497028317
0.95 28500 0.513771305068
0.96 28800 0.514041018962
0.97 29100 0.514306251513
0.98 29400 0.514567082504
0.99 29700 0.514823590031
1.0 30000 0.515075850544
