0.0 0 0.416160314543
0.01 300 0.441944983921
0.02 600 0.447164226177
0.03 900 0.449649316693
0.04 1200 0.451587137779
0.05 1500 0.453447530515
0.06 1800 0.455219329471
0.07 2100 0.456973605474
0.08 2400 0.458679409421
0.09 2700 0.460348483488
0.1 3000 0.461981849298
0.11 3300 0.463580492305
0.12 3600 0.465145363376
0.13 3900 0.466677380282
0.14 4200 0.468177429119
0.15 4500 0.469646365654
0.16 4800 0.4710850166
0.17 5100 0.472494180834
0.18 5400 0.473874630546
0.19 5700 0.475227112333
0.2 6000 0.476552348246
0.21 6300 0.477851036779
0.22 6600 0.479123853811
0.23 6900 0.480371453507
0.24 7200 0.481594469171
0.25 7500 0.482793514066
0.26 7800 0.483969182185
0.27 8100 0.485122049
0.28 8400 0.486252672163
0.29 8700 0.487361592187
0.3 9000 0.488449333085
0.31 9300 0.489516402991
0.32 9600 0.490563294747
0.33 9900 0.491590486462
0.34 10200 0.492598442057
0.35 10500 0.493587611771
0.36 10800 0.494558432662
0.37 11100 0.495511329072
0.38 11400 0.496446713078
0.39 11700 0.497364984931
0.4 12000 0.498266533461
0.41 12300 0.49915173648
0.42 12600 0.50002096116
0.43 12900 0.500874564399
0.44 13200 0.50171289317
0.45 13500 0.502536284856
0.46 13800 0.503345067574
0.47 14100 0.504139560484
0.48 14400 0.504920074085
0.49 14700 0.505686910502
0.5 15000 0.506440363759
0.51 15300 0.507180720044
0.52 15600 0.50790825796
0.53 15900 0.508623248773
0.54 16200 0.509325956642
0.55 16500 0.510016638846
0.56 16800 0.510695546004
0.57 17094 0.511353955619
0.58 17400 0.51201900558
0.59 17700 0.512664027763
0.6 18000 0.513298214808
0.61 18300 0.513921787004
0.62 18600 0.514534959121
0.63 18900 0.515137940579
0.64 19200 0.515730935604
0.65 19500 0.516314143392
0.66 19800 0.516887758249
0.67 20100 0.517451969743
0.68 20400 0.51800696284
0.69 20694 0.518546050804
0.7 21000 0.519090011507
0.71 21300 0.519618415193
0.72 21600 0.520138296963
0.73 21900 0.520649820706
0.74 22200 0.521153146455
0.75 22500 0.521648430493
0.76 22800 0.522135825456
0.77 23100 0.522615480441
0.78 23400 0.523087541102
0.79 23700 0.523552149744
0.8 24000 0.524009445418
0.81 24300 0.52445956401
0.82 24600 0.524902638326
0.83 24900 0.525338798176
0.84 25200 0.525768170459
0.85 25500 0.526190879235
0.86 25800 0.526607045806
0.87 26100 0.527016788789
0.88 26400 0.527420224184
0.89 26700 0.527817465447
0.9 27000 0.528208623554
0.91 27300 0.528593807068
0.92 27600 0.528973122202
0.93 27900 0.529346672877
0.94 28200 0.529714560784
0.95 28500 0.530076885441
0.96 28800 0.530433744246
0.97 29100 0.530785232535
0.98 29400 0.53113144363
0.99 29700 0.531472468895
1.0 30000 0.531808397777
