0.0 0 0.416160314543
0.01 300 0.442557604134
0.02 600 0.447966967115
0.03 900 0.450592298318
0.04 1200 0.452842767766
0.05 1500 0.455023395742
0.06 1800 0.457122085806
0.07 2100 0.459172385501
0.08 2400 0.461168818841
0.09 2697 0.463094552577
0.1 3000 0.465036521509
0.11 3300 0.466910088718
0.12 3600 0.468744930996
0.13 3900 0.470542098768
0.14 4200 0.472302606089
0.15 4500 0.474027432196
0.16 4800 0.475717522976
0.17 5100 0.477373792373
0.18 5397 0.478972512393
0.19 5697 0.480564148694
0.2 6000 0.482148359897
0.21 6300 0.483677889351
0.22 6600 0.485177732171
0.23 6900 0.486648636328
0.24 7200 0.488091325881
0.25 7500 0.489506501916
0.26 7800 0.490894843448
0.27 8100 0.492257008264
0.28 8400 0.493593633742
0.29 8700 0.49490533763
0.3 9000 0.496192718782
0.31 9300 0.497456357868
0.32 9600 0.498696818052
0.33 9900 0.499914645638
0.34 10200 0.501110370685
0.35 10497 0.502265416405
0.36 10797 0.5034187282
0.37 11097 0.504551430374
0.38 11397 0.505663993833
0.39 11697 0.506756875946
0.4 12000 0.507848348155
0.41 12300 0.50890295065
0.42 12600 0.509939172204
0.43 12900 0.510957420469
0.44 13200 0.511958091753
0.45 13500 0.512941571403
0.46 13800 0.513908234179
0.47 14100 0.514858444604
0.48 14400 0.515792557306
0.49 14700 0.516710917348
0.5 15000 0.517613860538
0.51 15300 0.518501713733
0.52 15600 0.519374795131
0.53 15900 0.520233414548
0.54 16200 0.521077873686
0.55 16500 0.521908466394
0.56 16800 0.522725478913
0.57 17097 0.52351481424
0.58 17400 0.524319871748
0.59 17700 0.525097788627
0.6 18000 0.525863198876
0.61 18300 0.526616354123
0.62 18600 0.527357499697
0.63 18900 0.528086874823
0.64 19200 0.528804712801
0.65 19500 0.529511241189
0.66 19800 0.530206681972
0.67 20100 0.530891251728
0.68 20400 0.531565161786
0.69 20697 0.532216088584
0.7 20997 0.532869429733
0.71 21297 0.533512712841
0.72 21597 0.534146129787
0.73 21897 0.534769867918
0.74 22197 0.53538411018
0.75 22497 0.53598903524
0.76 22797 0.536584817611
0.77 23097 0.537171627767
0.78 23397 0.537749632254
0.79 23700 0.538330256253
0.8 24000 0.538891018485
0.81 24300 0.539443454092
0.82 24600 0.539987714931
0.83 24900 0.540523949447
0.84 25200 0.541052302762
0.85 25500 0.541572916768
0.86 25800 0.542085930211
0.87 26100 0.542591478776
0.88 26400 0.543089695167
0.89 26700 0.543580709188
0.9 27000 0.54406464782
0.91 27300 0.544541635291
0.92 27600 0.54501179315
0.93 27900 0.545475240338
0.94 28200 0.545932093252
0.95 28500 0.546382465813
0.96 28800 0.54682646953
0.97 29100 0.547264213557
0.98 29400 0.547695804757
0.99 29700 0.548121347758
1.0 30000 0.54854094501
