0.0 0 0.416160314543
0.01 300 0.442731239057
0.02 600 0.448696469898
0.03 900 0.451569217048
0.04 1200 0.454153672876
0.05 1500 0.456640121096
0.06 1800 0.459029972308
0.07 2100 0.461371165529
0.08 2400 0.46365822826
0.09 2700 0.465897798388
0.1 3000 0.468091193721
0.11 3300 0.470239685131
0.12 3600 0.472344498615
0.13 3900 0.474406817254
0.14 4200 0.47642778306
0.15 4500 0.478408498738
0.16 4800 0.480350029352
0.17 5100 0.482253403912
0.18 5400 0.484119616872
0.19 5700 0.485949629562
0.2 6000 0.487744371549
0.21 6300 0.489504741923
0.22 6600 0.491231610532
0.23 6900 0.49292581915
0.24 7200 0.49458818259
0.25 7500 0.496219489767
0.26 7800 0.497820504711
0.27 8100 0.499391967527
0.28 8400 0.500934595321
0.29 8700 0.502449083073
0.3 9000 0.503936104478
0.31 9300 0.505396312744
0.32 9600 0.506830341358
0.33 9900 0.508238804814
0.34 10200 0.509622299314
0.35 10500 0.510981403434
0.36 10800 0.512316678762
0.37 11100 0.513628670509
0.38 11400 0.514917908096
0.39 11700 0.516184905711
0.4 12000 0.517430162849
0.41 12300 0.51865416482
0.42 12600 0.519857383248
0.43 12900 0.521040276539
0.44 13200 0.522203290336
0.45 13500 0.523346857951
0.46 13800 0.524471400785
0.47 14100 0.525577328724
0.48 14400 0.526665040528
0.49 14700 0.527734924194
0.5 15000 0.528787357316
0.51 15300 0.529822707422
0.52 15600 0.530841332302
0.53 15900 0.531843580323
0.54 16200 0.53282979073
0.55 16500 0.533800293941
0.56 16800 0.534755411822
0.57 17097 0.535681861953
0.58 17400 0.536620737916
0.59 17700 0.537531549491
0.6 18000 0.538428182944
0.61 18300 0.539310921242
0.62 18600 0.540180040274
0.63 18900 0.541035809067
0.64 19200 0.541878489997
0.65 19500 0.542708338986
0.66 19800 0.543525605695
0.67 20100 0.544330533713
0.68 20400 0.545123360732
0.69 20697 0.545892602939
0.7 21000 0.546673634101
0.71 21300 0.54743152789
0.72 21600 0.548178215877
0.73 21900 0.548913908761
0.74 22200 0.5496388123
0.75 22500 0.550353127451
0.76 22800 0.551057050505
0.77 23100 0.551750773222
0.78 23400 0.552434482952
0.79 23700 0.553108362762
0.8 24000 0.553772591553
0.81 24300 0.554427344174
0.82 24600 0.555072791537
0.83 24900 0.555709100718
0.84 25200 0.556336435066
0.85 25500 0.556954954302
0.86 25800 0.557564814616
0.87 26100 0.558166168762
0.88 26400 0.558759166149
0.89 26700 0.55934395293
0.9 27000 0.559920672086
0.91 27300 0.560489463513
0.92 27600 0.561050464098
0.93 27900 0.561603807798
0.94 28200 0.562149625719
0.95 28500 0.562688046186
0.96 28800 0.563219194814
0.97 29100 0.563743194578
0.98 29400 0.564260165883
0.99 29700 0.564770226621
1.0 30000 0.565273492243
