0.0 0 0.416160314543
0.01 300 0.443733281247
0.02 600 0.449320349661
0.03 900 0.452628664604
0.04 1200 0.455469298675
0.05 1500 0.458225077212
0.06 1800 0.460932587849
0.07 2100 0.463569945557
0.08 2400 0.466140734009
0.09 2700 0.468672455837
0.1 3000 0.471145865932
0.11 3300 0.473569281543
0.12 3600 0.475944066235
0.13 3900 0.47827153574
0.14 4200 0.48055296003
0.15 4500 0.482789565279
0.16 4800 0.484982535729
0.17 5100 0.487133015451
0.18 5400 0.489242110035
0.19 5700 0.491310888177
0.2 6000 0.4933403832
0.21 6300 0.495331594495
0.22 6600 0.497285488892
0.23 6900 0.499203001971
0.24 7200 0.501085039299
0.25 7500 0.502932477618
0.26 7800 0.504746165974
0.27 8100 0.506526926791
0.28 8400 0.5082755569
0.29 8700 0.509992828516
0.3 9000 0.511679490175
0.31 9300 0.513336267621
0.32 9600 0.514963864663
0.33 9900 0.51656296399
0.34 10200 0.518134227943
0.35 10500 0.519678299265
0.36 10800 0.521195801811
0.37 11100 0.522687341227
0.38 11400 0.524153505605
0.39 11700 0.525594866102
0.4 12000 0.527011977543
0.41 12300 0.52840537899
0.42 12600 0.529775594292
0.43 12900 0.531123132609
0.44 13200 0.532448488918
0.45 13500 0.533752144498
0.46 13800 0.53503456739
0.47 14100 0.536296212844
0.48 14400 0.537537523749
0.49 14700 0.53875893104
0.5 15000 0.539960854095
0.51 15300 0.541143701112
0.52 15600 0.542307869473
0.53 15900 0.543453746098
0.54 16200 0.544581707775
0.55 16500 0.545692121489
0.56 16800 0.546785344731
0.57 17097 0.547848909665
0.58 17400 0.548921604085
0.59 17700 0.549965310355
0.6 18000 0.550993167013
0.61 18300 0.552005488362
0.62 18600 0.55300258085
0.63 18900 0.553984743311
0.64 19200 0.554952267193
0.65 19500 0.555905436783
0.66 19800 0.556844529419
0.67 20100 0.557769815699
0.68 20400 0.558681559678
0.69 20697 0.559569117294
0.7 21000 0.560465445397
0.71 21300 0.561338084239
0.72 21600 0.562198175335
0.73 21900 0.563045952789
0.74 22200 0.563881645222
0.75 22500 0.56470547593
0.76 22800 0.56551766303
0.77 23100 0.566318419612
0.78 23400 0.567107953877
0.79 23700 0.567886469271
0.8 24000 0.56865416462
0.81 24300 0.569411234257
0.82 24600 0.570157868143
0.83 24900 0.570894251989
0.84 25200 0.57162056737
0.85 25500 0.572336991835
0.86 25800 0.573043699021
0.87 26100 0.573740858748
0.88 26400 0.574428637131
0.89 26700 0.575107196671
0.9 27000 0.575776696353
0.91 27300 0.576437291736
0.92 27600 0.577089135046
0.93 27900 0.577732375259
0.94 28200 0.578367158187
0.95 28500 0.578993626558
0.96 28800 0.579611920097
0.97 29100 0.5802221756
0.98 29400 0.580824527009
0.99 29700 0.581419105485
1.0 30000 0.582006039476
