0.0 0 0.0
0.01 0 0.078754942768
0.02 0 0.0845388007055
0.03 0 0.086356565097
0.04 0 0.084891784668
0.05 0 0.0859830859375
0.06 0 0.0867072075738
0.07 0 0.0842163683833
0.08 0 0.0849214248657
0.09 0 0.0855542474441
0.1 0 0.0850476460826
0.11 0 0.0854853541879
0.12 0 0.0858411232923
0.13 0 0.0854484129255
0.14 0 0.0849936805869
0.15 0 0.0853559091636
0.16 0 0.0850559130343
0.17 0 0.0853694115713
0.18 0 0.0856120885765
0.19 0 0.085348340972
0.2 0 0.0856099918007
0.21 0 0.085290360926
0.22 0 0.0850736332372
0.23 0 0.0852785701337
0.24 0 0.0855124991378
0.25 0 0.0853102777468
0.26 0 0.0854993947597
0.27 0 0.0856600798488
0.28 0 0.0850934450617
0.29 0 0.0852512076572
0.3 0 0.0854101276665
0.31 0 0.085262229014
0.32 0 0.0854079498244
0.33 0 0.0855692111989
0.34 0 0.0850954564897
0.35 0 0.0852346836543
0.36 0 0.0853833854132
0.37 0 0.0852429860179
0.38 0 0.0853620801535
0.39 0 0.0855017535593
0.4 0 0.0853581671717
0.41 0 0.0852022762912
0.42 0 0.0853300496571
0.43 0 0.085232041644
0.44 0 0.0853338665734
0.45 0 0.0854529510571
0.46 0 0.0853483277027
0.47 0 0.0854457696016
0.48 0 0.0853063692826
0.49 0 0.0852061119843
0.5 0 0.0853012411899
0.51 0 0.0854063340274
0.52 0 0.0853150165653
0.53 0 0.0854062751438
0.54 0 0.0854994145174
0.55 0 0.0851907063455
0.56 0 0.0852856182064
0.57 0 0.0853810363973
0.58 0 0.0854624499565
0.59 0 0.0853808767701
0.6 0 0.0854593665602
0.61 0 0.0853498263304
0.62 0 0.0852747778189
0.63 0 0.0853485974289
0.64 0 0.0854245132178
0.65 0 0.0853493040589
0.66 0 0.0854212537516
0.67 0 0.0854985884012
0.68 0 0.0852658110475
0.69 0 0.0853266583549
0.7 0 0.0854004082494
0.71 0 0.0853328465592
0.72 0 0.0854023141188
0.73 0 0.0854656092103
0.74 0 0.0854000948288
0.75 0 0.0853073712938
0.76 0 0.0853802235543
0.77 0 0.0853041084151
0.78 0 0.0853729659714
0.79 0 0.0854421033035
0.8 0 0.0853833197796
0.81 0 0.0854418809772
0.82 0 0.0853524682082
0.83 0 0.0853048964076
0.84 0 0.0853583369722
0.85 0 0.0854153626553
0.86 0 0.0853623624317
0.87 0 0.0854170186081
0.88 0 0.0853345064241
0.89 0 0.0852734282252
0.9 0 0.0853399077082
0.91 0 0.08539598561
0.92 0 0.0853334121622
0.93 0 0.0853985306629
0.94 0 0.0854491238303
0.95 0 0.0852770685104
0.96 0 0.0853252315184
0.97 0 0.0853788075279
0.98 0 0.0853297035662
0.99 0 0.085376944912
1.0 0 0.0854238242612
