0.0 0 0.0
0.01 0 0.161233700643
0.02 0 0.159778546713
0.03 0 0.159423649731
0.04 0 0.159154011762
0.05 0 0.159083681379
0.06 0 0.157618065766
0.07 0 0.159278817513
0.08 0 0.159142111689
0.09 0 0.15917448124
0.1 0 0.159110415483
0.11 0 0.158251229224
0.12 0 0.158326593119
0.13 0 0.158351138272
0.14 0 0.159147257701
0.15 0 0.159066579794
0.16 0 0.158530775746
0.17 0 0.15853793269
0.18 0 0.158549598201
0.19 0 0.158556302603
0.2 0 0.158565149537
0.21 0 0.158697986628
0.22 0 0.158644765084
0.23 0 0.15868529046
0.24 0 0.158679062386
0.25 0 0.158665826395
0.26 0 0.158358858025
0.27 0 0.158357122022
0.28 0 0.158766836429
0.29 0 0.158753321376
0.3 0 0.158742181486
0.31 0 0.15847718289
0.32 0 0.15846939024
0.33 0 0.158447123462
0.34 0 0.158807456929
0.35 0 0.158802006407
0.36 0 0.158555866091
0.37 0 0.158550143483
0.38 0 0.158568437561
0.39 0 0.158557968136
0.4 0 0.158566266666
0.41 0 0.158626717542
0.42 0 0.158636041258
0.43 0 0.158627181827
0.44 0 0.158610838569
0.45 0 0.158625659489
0.46 0 0.158442412643
0.47 0 0.158448542551
0.48 0 0.158674695646
0.49 0 0.158682781914
0.5 0 0.158676390515
0.51 0 0.158509949159
0.52 0 0.158518366932
0.53 0 0.158517472951
0.54 0 0.158514193258
0.55 0 0.158713664138
0.56 0 0.158570360806
0.57 0 0.158561420554
0.58 0 0.158563228414
0.59 0 0.158568780613
0.6 0 0.15856682309
0.61 0 0.158609754214
0.62 0 0.158606913515
0.63 0 0.15860569878
0.64 0 0.15860817088
0.65 0 0.158610893435
0.66 0 0.15847742698
0.67 0 0.158483839644
0.68 0 0.158646154949
0.69 0 0.158645967683
0.7 0 0.158646955468
0.71 0 0.158525112537
0.72 0 0.158512281601
0.73 0 0.15852824265
0.74 0 0.158533674136
0.75 0 0.158670529782
0.76 0 0.158661289364
0.77 0 0.158564731222
0.78 0 0.158571362688
0.79 0 0.158566289387
0.8 0 0.158556111387
0.81 0 0.158569543176
0.82 0 0.158603158847
0.83 0 0.158598695743
0.84 0 0.158595489897
0.85 0 0.158602073498
0.86 0 0.158601139138
0.87 0 0.158506034106
0.88 0 0.158631651881
0.89 0 0.158623384608
0.9 0 0.158626923025
0.91 0 0.158627657357
0.92 0 0.158540210913
0.93 0 0.158538709566
0.94 0 0.158539551995
0.95 0 0.158652661915
0.96 0 0.158653280799
0.97 0 0.158568329835
0.98 0 0.158564420865
0.99 0 0.158562514216
1.0 0 0.158566282075
