0.0 0 0.0
0.01 0 0.193700424383
0.02 0 0.197130101801
0.03 0 0.194108295796
0.04 0 0.195685705236
0.05 0 0.195415197823
0.06 0 0.19418628003
0.07 0 0.19508987176
0.08 0 0.194194579068
0.09 0 0.194217217217
0.1 0 0.194809375
0.11 0 0.194201461727
0.12 0 0.194724785065
0.13 0 0.194708399968
0.14 0 0.194233602396
0.15 0 0.194635037653
0.16 0 0.194205058972
0.17 0 0.194240514613
0.18 0 0.194580998715
0.19 0 0.194230644837
0.2 0 0.194542134974
0.21 0 0.194530361264
0.22 0 0.194230624283
0.23 0 0.194505061527
0.24 0 0.194240416542
0.25 0 0.194244650186
0.26 0 0.19447752082
0.27 0 0.194234648654
0.28 0 0.194454652804
0.29 0 0.194430849757
0.3 0 0.194244578892
0.31 0 0.194434667769
0.32 0 0.194236331557
0.33 0 0.194243453832
0.34 0 0.194422426658
0.35 0 0.194248408907
0.36 0 0.19441515451
0.37 0 0.194408657718
0.38 0 0.194239016178
0.39 0 0.19439782464
0.4 0 0.194249060413
0.41 0 0.194247029209
0.42 0 0.194383516131
0.43 0 0.194247984564
0.44 0 0.194384849128
0.45 0 0.194379039738
0.46 0 0.194245367618
0.47 0 0.194369121802
0.48 0 0.194241990967
0.49 0 0.194231201934
0.5 0 0.194364555619
0.51 0 0.194247849767
0.52 0 0.194361595244
0.53 0 0.194359251493
0.54 0 0.194247419753
0.55 0 0.194349874231
0.56 0 0.194248300231
0.57 0 0.194242708211
0.58 0 0.194347539269
0.59 0 0.194239317688
0.6 0 0.194347565527
0.61 0 0.194345442454
0.62 0 0.19424900068
0.63 0 0.194342939228
0.64 0 0.194247124826
0.65 0 0.194247683423
0.66 0 0.194334147364
0.67 0 0.194248820414
0.68 0 0.19433593337
0.69 0 0.194333320007
0.7 0 0.194249313747
0.71 0 0.194331154363
0.72 0 0.194249005081
0.73 0 0.19424800188
0.74 0 0.194326654436
0.75 0 0.194244850871
0.76 0 0.19432233078
0.77 0 0.194247390973
0.78 0 0.194247203266
0.79 0 0.194320883902
0.8 0 0.194246681036
0.81 0 0.194320946717
0.82 0 0.194315596406
0.83 0 0.19424724134
0.84 0 0.194318041361
0.85 0 0.194243229433
0.86 0 0.19424893191
0.87 0 0.194317910235
0.88 0 0.194244496776
0.89 0 0.194316257082
0.9 0 0.194308942465
0.91 0 0.194248128864
0.92 0 0.194311964762
0.93 0 0.194249607446
0.94 0 0.19424346549
0.95 0 0.194307213593
0.96 0 0.1942458411
0.97 0 0.194310451134
0.98 0 0.194306022462
0.99 0 0.194243872544
1.0 0 0.194307091911
