0.0 0 0.0
0.01 0 0.302457391434
0.02 0 0.30390190884
0.03 0 0.2989822
0.04 0 0.300567786583
0.05 0 0.298890677438
0.06 0 0.299491232282
0.07 0 0.300322041462
0.08 0 0.299297139624
0.09 0 0.299653102111
0.1 0 0.298904914257
0.11 0 0.299473917925
0.12 0 0.298619041714
0.13 0 0.29914802711
0.14 0 0.299571284317
0.15 0 0.298903594577
0.16 0 0.29929942865
0.17 0 0.298880423493
0.18 0 0.29907932768
0.19 0 0.298714991733
0.2 0 0.299042609833
0.21 0 0.299206267498
0.22 0 0.298886702703
0.23 0 0.29916107952
0.24 0 0.298750892856
0.25 0 0.299013775562
0.26 0 0.298754829609
0.27 0 0.298889025112
0.28 0 0.299115768529
0.29 0 0.298783538734
0.3 0 0.29899900719
0.31 0 0.298778354753
0.32 0 0.298891272785
0.33 0 0.298690634629
0.34 0 0.298882435296
0.35 0 0.298983798399
0.36 0 0.298791969797
0.37 0 0.298968735544
0.38 0 0.298720126388
0.39 0 0.298884209223
0.4 0 0.298716534711
0.41 0 0.298809457322
0.42 0 0.298960238994
0.43 0 0.298802586784
0.44 0 0.298888718919
0.45 0 0.298731954815
0.46 0 0.298880653406
0.47 0 0.298678132617
0.48 0 0.298816531
0.49 0 0.298946707761
0.5 0 0.298756376638
0.51 0 0.298882554539
0.52 0 0.298755665276
0.53 0 0.298823218792
0.54 0 0.298699608862
0.55 0 0.29881708152
0.56 0 0.29888428327
0.57 0 0.298769160925
0.58 0 0.29883240307
0.59 0 0.298717764206
0.6 0 0.298828935837
0.61 0 0.298887061556
0.62 0 0.298780460653
0.63 0 0.298881273247
0.64 0 0.298733828048
0.65 0 0.298833884762
0.66 0 0.298734271402
0.67 0 0.298787699536
0.68 0 0.298880261214
0.69 0 0.298784366501
0.7 0 0.298838497313
0.71 0 0.2987447795
0.72 0 0.298835976149
0.73 0 0.298707541743
0.74 0 0.298794564536
0.75 0 0.298878730024
0.76 0 0.298755482235
0.77 0 0.298841216134
0.78 0 0.298754729995
0.79 0 0.298802578118
0.8 0 0.298719597102
0.81 0 0.298799929403
0.82 0 0.298845238284
0.83 0 0.298764827481
0.84 0 0.298807935975
0.85 0 0.298731454833
0.86 0 0.29880623628
0.87 0 0.298698324422
0.88 0 0.298772868217
0.89 0 0.29884589715
0.9 0 0.298740736439
0.91 0 0.298810455321
0.92 0 0.298739612239
0.93 0 0.298779700359
0.94 0 0.298708592829
0.95 0 0.29877905356
0.96 0 0.298815736929
0.97 0 0.298749051386
0.98 0 0.298815028869
0.99 0 0.298720234306
1.0 0 0.298785387354
