0.0 0 0.0
0.01 0 0.354215217685
0.02 0 0.348114265883
0.03 0 0.345592534005
0.04 0 0.344740390293
0.05 0 0.344231981982
0.06 0 0.343622544378
0.07 0 0.343420416068
0.08 0 0.3430766098
0.09 0 0.342985028125
0.1 0 0.342911186403
0.11 0 0.342698717124
0.12 0 0.342654571533
0.13 0 0.342502213702
0.14 0 0.342481828529
0.15 0 0.342469691231
0.16 0 0.342347418551
0.17 0 0.342347600947
0.18 0 0.342245159472
0.19 0 0.342248830367
0.2 0 0.342244214971
0.21 0 0.342803071653
0.22 0 0.342774855208
0.23 0 0.342678961835
0.24 0 0.342659826551
0.25 0 0.342641643287
0.26 0 0.34256715642
0.27 0 0.342557493785
0.28 0 0.342485768303
0.29 0 0.342478152988
0.3 0 0.342467417464
0.31 0 0.342409322556
0.32 0 0.342402366205
0.33 0 0.342344608464
0.34 0 0.342341544773
0.35 0 0.342343514026
0.36 0 0.342293996382
0.37 0 0.342290793738
0.38 0 0.342292434642
0.39 0 0.34224684837
0.4 0 0.342248521701
0.41 0 0.342532929536
0.42 0 0.342526350661
0.43 0 0.342519709112
0.44 0 0.342474630627
0.45 0 0.342470827899
0.46 0 0.342429539874
0.47 0 0.342426321006
0.48 0 0.342422585915
0.49 0 0.342384949148
0.5 0 0.34238242791
0.51 0 0.342345554086
0.52 0 0.342344801249
0.53 0 0.342342195982
0.54 0 0.342311178634
0.55 0 0.342309566764
0.56 0 0.342277959525
0.57 0 0.342278100738
0.58 0 0.342278214896
0.59 0 0.342249460915
0.6 0 0.342249152668
0.61 0 0.342438018121
0.62 0 0.342437272821
0.63 0 0.342433233713
0.64 0 0.342404357418
0.65 0 0.3424025586
0.66 0 0.342375746985
0.67 0 0.342373281742
0.68 0 0.342370759204
0.69 0 0.342345882269
0.7 0 0.34234444693
0.71 0 0.34231903331
0.72 0 0.342318424473
0.73 0 0.342318170782
0.74 0 0.342294687917
0.75 0 0.342292230549
0.76 0 0.342292970763
0.77 0 0.342269558432
0.78 0 0.342270780974
0.79 0 0.342249574974
0.8 0 0.342249305454
0.81 0 0.342249573892
0.82 0 0.342391151562
0.83 0 0.342387951994
0.84 0 0.342368522912
0.85 0 0.342365953504
0.86 0 0.342365290799
0.87 0 0.342343750993
0.88 0 0.342342933112
0.89 0 0.342324599347
0.9 0 0.342322976331
0.91 0 0.342322539563
0.92 0 0.342303820527
0.93 0 0.342302738414
0.94 0 0.342284277983
0.95 0 0.342284421726
0.96 0 0.342284413817
0.97 0 0.342265617608
0.98 0 0.342266463408
0.99 0 0.342248951723
1.0 0 0.342249536499
