0.0 0 0.0
0.01 0 0.387267249527
0.02 0 0.387596282807
0.03 0 0.382942566964
0.04 0 0.384194407904
0.05 0 0.382091888332
0.06 0 0.383059748642
0.07 0 0.381730417627
0.08 0 0.382504980444
0.09 0 0.381610978377
0.1 0 0.382167473154
0.11 0 0.381465402149
0.12 0 0.381944165478
0.13 0 0.381363480088
0.14 0 0.38178289652
0.15 0 0.381293835446
0.16 0 0.381662827061
0.17 0 0.381240579784
0.18 0 0.381610425871
0.19 0 0.381196631854
0.2 0 0.381531787927
0.21 0 0.381799821229
0.22 0 0.381466968104
0.23 0 0.381715705108
0.24 0 0.381412854433
0.25 0 0.381643634375
0.26 0 0.381369118542
0.27 0 0.381610467156
0.28 0 0.381330138519
0.29 0 0.381555350026
0.3 0 0.381295651156
0.31 0 0.38150943508
0.32 0 0.38126654912
0.33 0 0.381468272586
0.34 0 0.381240169555
0.35 0 0.381429948656
0.36 0 0.381236811945
0.37 0 0.38139686005
0.38 0 0.381215630323
0.39 0 0.381368540914
0.4 0 0.381197104371
0.41 0 0.381342242837
0.42 0 0.381499148136
0.43 0 0.381318297718
0.44 0 0.38146757967
0.45 0 0.381313016113
0.46 0 0.381439887498
0.47 0 0.381291910843
0.48 0 0.381414367464
0.49 0 0.381272900805
0.5 0 0.38138907569
0.51 0 0.381253938462
0.52 0 0.381368633443
0.53 0 0.381238458784
0.54 0 0.38136234358
0.55 0 0.38122428431
0.56 0 0.381343194917
0.57 0 0.381210254581
0.58 0 0.381325488099
0.59 0 0.38119696633
0.6 0 0.38130890363
0.61 0 0.381404919106
0.62 0 0.38129246746
0.63 0 0.381398402255
0.64 0 0.38127838635
0.65 0 0.381380359663
0.66 0 0.381265023665
0.67 0 0.381363824263
0.68 0 0.381251951986
0.69 0 0.381348359739
0.7 0 0.381239785828
0.71 0 0.381333658417
0.72 0 0.38123848102
0.73 0 0.381318941351
0.74 0 0.381226561561
0.75 0 0.381306057657
0.76 0 0.38121643812
0.77 0 0.381293943723
0.78 0 0.381206900176
0.79 0 0.381282077483
0.8 0 0.381196294576
0.81 0 0.381280054576
0.82 0 0.381351406965
0.83 0 0.381267589858
0.84 0 0.381339250921
0.85 0 0.381258273832
0.86 0 0.381327206115
0.87 0 0.381248157409
0.88 0 0.381315897157
0.89 0 0.381239197931
0.9 0 0.381313292686
0.91 0 0.381229795046
0.92 0 0.381302159392
0.93 0 0.381221259267
0.94 0 0.381291481401
0.95 0 0.381212952941
0.96 0 0.381282729459
0.97 0 0.381204663311
0.98 0 0.381272741692
0.99 0 0.381204377301
1.0 0 0.381264360996
