0.0 0 0.0
0.01 0 -0.120824704142
0.02 0 -0.10943253827
0.03 0 -0.10625359375
0.04 0 -0.104977666324
0.05 0 -0.103656844993
0.06 0 -0.10298079561
0.07 0 -0.102318398141
0.08 0 -0.10240197286
0.09 0 -0.101955085998
0.1 0 -0.101777835269
0.11 0 -0.101847361886
0.12 0 -0.101475831796
0.13 0 -0.10129042846
0.14 0 -0.10112351108
0.15 0 -0.101309682574
0.16 0 -0.10110019025
0.17 0 -0.100926685688
0.18 0 -0.101086588921
0.19 0 -0.100949926858
0.2 0 -0.1008212992
0.21 0 -0.101768733456
0.22 0 -0.10172785819
0.23 0 -0.10161978368
0.24 0 -0.101509515319
0.25 0 -0.101403486892
0.26 0 -0.101460369031
0.27 0 -0.10134412053
0.28 0 -0.101253814833
0.29 0 -0.101321720874
0.3 0 -0.101212661597
0.31 0 -0.101178572685
0.32 0 -0.10110901374
0.33 0 -0.101132304031
0.34 0 -0.101048648649
0.35 0 -0.101000143991
0.36 0 -0.10107333611
0.37 0 -0.101002802133
0.38 0 -0.100919230683
0.39 0 -0.100863234318
0.4 0 -0.100916875154
0.41 0 -0.101369896037
0.42 0 -0.101285061541
0.43 0 -0.10123140716
0.44 0 -0.101284281436
0.45 0 -0.101244063448
0.46 0 -0.1011725935
0.47 0 -0.101269976728
0.48 0 -0.101142949023
0.49 0 -0.101095624431
0.5 0 -0.101047208045
0.51 0 -0.101118219984
0.52 0 -0.10105039144
0.53 0 -0.101055699724
0.54 0 -0.101069783192
0.55 0 -0.101016924965
0.56 0 -0.100966629294
0.57 0 -0.100929808809
0.58 0 -0.100974102784
0.59 0 -0.100914362819
0.6 0 -0.100908748452
0.61 0 -0.101179633729
0.62 0 -0.101226400744
0.63 0 -0.101187291425
0.64 0 -0.101138481783
0.65 0 -0.101153058084
0.66 0 -0.101122054981
0.67 0 -0.10108830498
0.68 0 -0.101057643243
0.69 0 -0.101078019294
0.7 0 -0.101045692162
0.71 0 -0.101026965213
0.72 0 -0.101069488364
0.73 0 -0.101003642701
0.74 0 -0.100987117117
0.75 0 -0.100951368096
0.76 0 -0.100977911404
0.77 0 -0.100947342448
0.78 0 -0.100924745886
0.79 0 -0.100909113467
0.8 0 -0.100933621422
0.81 0 -0.100899150868
0.82 0 -0.101128845386
0.83 0 -0.101144492611
0.84 0 -0.101116698968
0.85 0 -0.101096093828
0.86 0 -0.101068764428
0.87 0 -0.101099530194
0.88 0 -0.101043650437
0.89 0 -0.10103893023
0.9 0 -0.101038068222
0.91 0 -0.101027463158
0.92 0 -0.10100384999
0.93 0 -0.100971061797
0.94 0 -0.10102383087
0.95 0 -0.100969267111
0.96 0 -0.100952710541
0.97 0 -0.100943162592
0.98 0 -0.100942146173
0.99 0 -0.100941447331
1.0 0 -0.100892890325
