0.0 0 0.0
0.01 0 -0.00894323979592
0.02 0 -0.00429503567182
0.03 0 -0.00288106921488
0.04 0 -0.00208995259983
0.05 0 -0.00180912162162
0.06 0 -0.000114558396374
0.07 0 -0.000304814581437
0.08 0 -0.000103090672791
0.09 0 -9.00489556594e-05
0.1 0 -0.000291942999014
0.11 0 -0.000713202366864
0.12 0 -0.000673501289427
0.13 0 -0.000616063417102
0.14 0 -0.00057253592684
0.15 0 -0.000519242519884
0.16 0 -3.17012052912e-05
0.17 0 -2.0101095994e-05
0.18 0 -2.27068692224e-06
0.19 0 -8.49114732659e-06
0.2 0 -3.84853019533e-05
0.21 0 -0.000370206573547
0.22 0 -0.000364252041853
0.23 0 -0.000352599521848
0.24 0 -0.00033606571929
0.25 0 -0.000309406354211
0.26 0 -2.67646410661e-05
0.27 0 -5.93117841151e-05
0.28 0 -1.20286260012e-05
0.29 0 -2.10624007684e-05
0.3 0 -1.08127036672e-05
0.31 0 -0.000257206998666
0.32 0 -0.000242393690436
0.33 0 -0.000269419818226
0.34 0 -0.000241462123348
0.35 0 -0.000248695486239
0.36 0 -3.07678077964e-05
0.37 0 -2.96158605977e-05
0.38 0 -3.30776715206e-05
0.39 0 -4.0712129483e-05
0.4 0 -2.19953462799e-05
0.41 0 -0.000189234345243
0.42 0 -0.000203289370287
0.43 0 -0.000179628307996
0.44 0 -0.000197762300983
0.45 0 -0.000170313564488
0.46 0 -1.36226166996e-05
0.47 0 -1.59805244023e-05
0.48 0 -7.39772237612e-06
0.49 0 -7.79490086325e-06
0.5 0 -8.18782663902e-06
0.51 0 -0.000169405142215
0.52 0 -0.000171390331768
0.53 0 -0.00017734909141
0.54 0 -0.00015859144329
0.55 0 -0.000146796270581
0.56 0 -2.70577110494e-06
0.57 0 -4.43297341405e-06
0.58 0 -1.65704195619e-05
0.59 0 -9.23341360691e-06
0.6 0 -9.13487033953e-06
0.61 0 -0.00013475901224
0.62 0 -0.000144001211011
0.63 0 -0.000124313820813
0.64 0 -0.000134993628809
0.65 0 -0.000129577975248
0.66 0 -3.35900769241e-05
0.67 0 -1.34303273333e-05
0.68 0 -9.76655404169e-06
0.69 0 -1.10954146591e-05
0.7 0 -1.34397873697e-06
0.71 0 -0.000119648181565
0.72 0 -0.000106739907361
0.73 0 -0.000105621108165
0.74 0 -0.000118003011928
0.75 0 -0.000102688481104
0.76 0 -0.000107483457658
0.77 0 -1.48189864281e-05
0.78 0 -2.96166601042e-05
0.79 0 -1.34589066733e-05
0.8 0 -1.13220979435e-05
0.81 0 -1.50202907804e-05
0.82 0 -0.000100419859981
0.83 0 -0.000102639370573
0.84 0 -0.000111415753864
0.85 0 -0.000103799719209
0.86 0 -0.000102019326939
0.87 0 -1.08750310445e-05
0.88 0 -1.43496360231e-05
0.89 0 -7.46308505011e-06
0.9 0 -1.48959492809e-05
0.91 0 -3.40591817179e-05
0.92 0 -0.000102283330077
0.93 0 -0.000103564865362
0.94 0 -9.91868601551e-05
0.95 0 -9.84646849645e-05
0.96 0 -8.46795619351e-05
0.97 0 -1.45378809799e-05
0.98 0 -2.1265573151e-05
0.99 0 -2.99814891943e-05
1.0 0 -2.18453899262e-05
