0.0 0 0.0
0.01 0 0.330204640095
0.02 0 0.331635796197
0.03 0 0.32676624
0.04 0 0.328252447201
0.05 0 0.326605124717
0.06 0 0.327241892986
0.07 0 0.328064310592
0.08 0 0.327031121563
0.09 0 0.327389174623
0.1 0 0.326652108844
0.11 0 0.327216171455
0.12 0 0.326383534895
0.13 0 0.326870815387
0.14 0 0.327330527789
0.15 0 0.326643998488
0.16 0 0.327050089241
0.17 0 0.326630767275
0.18 0 0.326829869859
0.19 0 0.326468907474
0.2 0 0.32679397651
0.21 0 0.326938731804
0.22 0 0.326629708108
0.23 0 0.326912041528
0.24 0 0.326504254573
0.25 0 0.326759379179
0.26 0 0.326505733868
0.27 0 0.326639696482
0.28 0 0.326867537964
0.29 0 0.326534702795
0.3 0 0.32673901766
0.31 0 0.32652740006
0.32 0 0.326639104766
0.33 0 0.326436783951
0.34 0 0.32663372561
0.35 0 0.32673392985
0.36 0 0.326546796173
0.37 0 0.326721623858
0.38 0 0.326469168281
0.39 0 0.326631586853
0.4 0 0.326458838322
0.41 0 0.326558148643
0.42 0 0.326710047692
0.43 0 0.32655606633
0.44 0 0.326638908108
0.45 0 0.326490591885
0.46 0 0.326627953181
0.47 0 0.326430837663
0.48 0 0.326565982993
0.49 0 0.326698054086
0.5 0 0.326505641466
0.51 0 0.326633404948
0.52 0 0.326502735128
0.53 0 0.326573380765
0.54 0 0.326451786077
0.55 0 0.326570511015
0.56 0 0.326629924315
0.57 0 0.326516189471
0.58 0 0.326580093183
0.59 0 0.326469471086
0.6 0 0.326578461037
0.61 0 0.326638500887
0.62 0 0.326530372935
0.63 0 0.32663000413
0.64 0 0.326484247669
0.65 0 0.326584322217
0.66 0 0.326480646299
0.67 0 0.326538060922
0.68 0 0.326633081019
0.69 0 0.326537554781
0.7 0 0.326589347911
0.71 0 0.326493804702
0.72 0 0.32658549625
0.73 0 0.326456203191
0.74 0 0.326545085225
0.75 0 0.326629262032
0.76 0 0.326505285394
0.77 0 0.326589865373
0.78 0 0.326505766501
0.79 0 0.326552452884
0.8 0 0.32646972283
0.81 0 0.326550661313
0.82 0 0.326593744906
0.83 0 0.326514583981
0.84 0 0.32655821165
0.85 0 0.326480895505
0.86 0 0.326554294051
0.87 0 0.326446084013
0.88 0 0.326521025109
0.89 0 0.326593266177
0.9 0 0.326490313103
0.91 0 0.326561220074
0.92 0 0.326489630449
0.93 0 0.326530237241
0.94 0 0.326460232067
0.95 0 0.326528891008
0.96 0 0.326566802167
0.97 0 0.326498585403
0.98 0 0.326563624701
0.99 0 0.326469867313
1.0 0 0.326535120419
