0.0 0 0.0
0.01 0 0.415025992439
0.02 0 0.415344143832
0.03 0 0.410698112245
0.04 0 0.411939117504
0.05 0 0.409831287895
0.06 0 0.410810773673
0.07 0 0.409478268144
0.08 0 0.410255079111
0.09 0 0.409359013911
0.1 0 0.40991527589
0.11 0 0.409209709341
0.12 0 0.409693326477
0.13 0 0.409118782495
0.14 0 0.409531117876
0.15 0 0.409045542981
0.16 0 0.409412736857
0.17 0 0.408988225269
0.18 0 0.409358807125
0.19 0 0.408947020436
0.2 0 0.409282497171
0.21 0 0.409547689972
0.22 0 0.409217270913
0.23 0 0.409464414438
0.24 0 0.409162058388
0.25 0 0.409393552162
0.26 0 0.409118856828
0.27 0 0.409361127722
0.28 0 0.409079639127
0.29 0 0.409304283256
0.3 0 0.409045338263
0.31 0 0.409259356648
0.32 0 0.409016444844
0.33 0 0.409217984196
0.34 0 0.408991050688
0.35 0 0.409180833141
0.36 0 0.408987938243
0.37 0 0.409148214308
0.38 0 0.408966867907
0.39 0 0.409118413584
0.4 0 0.40894676712
0.41 0 0.409091131839
0.42 0 0.409248865058
0.43 0 0.409068664598
0.44 0 0.409217392036
0.45 0 0.409062690733
0.46 0 0.409189464007
0.47 0 0.409041685469
0.48 0 0.409164602824
0.49 0 0.409022290924
0.5 0 0.409140754006
0.51 0 0.409005625866
0.52 0 0.409119219201
0.53 0 0.408987579597
0.54 0 0.409112586075
0.55 0 0.408974140458
0.56 0 0.409093486452
0.57 0 0.408960197914
0.58 0 0.409075163763
0.59 0 0.408947262639
0.6 0 0.409058743226
0.61 0 0.40915482514
0.62 0 0.409043247707
0.63 0 0.409147236707
0.64 0 0.409028469869
0.65 0 0.409130701866
0.66 0 0.409014862271
0.67 0 0.409113845704
0.68 0 0.409001805826
0.69 0 0.409098504771
0.7 0 0.408989707896
0.71 0 0.409082924544
0.72 0 0.408988343258
0.73 0 0.409069446312
0.74 0 0.408977357065
0.75 0 0.409055781072
0.76 0 0.408966746248
0.77 0 0.409043810667
0.78 0 0.408956634623
0.79 0 0.409031524245
0.8 0 0.408946448169
0.81 0 0.409029979982
0.82 0 0.409101880792
0.83 0 0.40901868285
0.84 0 0.409088505919
0.85 0 0.409008353588
0.86 0 0.409077121231
0.87 0 0.408998301385
0.88 0 0.409065687185
0.89 0 0.408989124783
0.9 0 0.409063177254
0.91 0 0.408980066839
0.92 0 0.409051977004
0.93 0 0.408971195901
0.94 0 0.409042302881
0.95 0 0.408962708295
0.96 0 0.409032307502
0.97 0 0.408954686433
0.98 0 0.409023099452
0.99 0 0.408954785967
1.0 0 0.409014292903
