0.0 0 0.145179675
0.01 300 -0.0367541190032
0.02 600 -0.0570292808504
0.03 900 -0.0636977724913
0.04 1200 -0.0641402198313
0.05 1500 -0.0658056195384
0.06 1800 -0.0682813705634
0.07 2100 -0.0682024175276
0.08 2400 -0.0692555796712
0.09 2700 -0.0702948353934
0.1 3000 -0.0682346475064
0.11 3300 -0.0684103982811
0.12 3600 -0.0701953776644
0.13 3900 -0.0710103042344
0.14 4200 -0.0701198258927
0.15 4500 -0.0713781115598
0.16 4800 -0.071082064706
0.17 5100 -0.0695875992236
0.18 5400 -0.0698354206933
0.19 5700 -0.0725345255126
0.2 6000 -0.0722423610344
0.21 6300 -0.0710070657291
0.22 6600 -0.0699577073844
0.23 6900 -0.0732158403017
0.24 7200 -0.0723948207533
0.25 7500 -0.0721659820582
0.26 7800 -0.0726977993266
0.27 8100 -0.0727055251131
0.28 8400 -0.0718000293154
0.29 8700 -0.0726035786471
0.3 9000 -0.0721839698199
0.31 9300 -0.0720932546328
0.32 9600 -0.0710817869712
0.33 9900 -0.0722607944407
0.34 10200 -0.073581798345
0.35 10500 -0.0720856134294
0.36 10800 -0.0722448528256
0.37 11100 -0.0726047669961
0.38 11400 -0.0731070590635
0.39 11700 -0.0714775494314
0.4 12000 -0.0728738119082
0.41 12300 -0.0719566429514
0.42 12600 -0.0718750609164
0.43 12900 -0.0721912476648
0.44 13200 -0.0729083061674
0.45 13500 -0.0726441009772
0.46 13800 -0.0728671143793
0.47 14100 -0.0728097292862
0.48 14400 -0.0735225698896
0.49 14700 -0.0731041520212
0.5 15000 -0.0730743791474
0.51 15300 -0.0719010450465
0.52 15600 -0.0735615353559
0.53 15900 -0.0734301165297
0.54 16200 -0.0725242227051
0.55 16500 -0.0729231331988
0.56 16800 -0.0737236349742
0.57 17094 -0.0728504874032
0.58 17400 -0.0732882175438
0.59 17700 -0.0732168591031
0.6 18000 -0.0731510814052
0.61 18300 -0.0733917790805
0.62 18600 -0.0733459057396
0.63 18900 -0.0723307399397
0.64 19200 -0.0729601594156
0.65 19500 -0.073098309089
0.66 19800 -0.0732554395441
0.67 20100 -0.0732409774692
0.68 20400 -0.0723890944637
0.69 20694 -0.0724158465173
0.7 21000 -0.0733752925744
0.71 21300 -0.0734458256668
0.72 21600 -0.0735033349553
0.73 21900 -0.0739689575905
0.74 22200 -0.0734842592278
0.75 22500 -0.0736906955646
0.76 22800 -0.0738134384105
0.77 23100 -0.0732114726791
0.78 23400 -0.0733387708857
0.79 23700 -0.0732622991878
0.8 24000 -0.0731586031424
0.81 24300 -0.0729717791739
0.82 24600 -0.0734405696178
0.83 24900 -0.0733693534105
0.84 25200 -0.0733232025061
0.85 25500 -0.073577752012
0.86 25800 -0.0728595852804
0.87 26100 -0.0739304744733
0.88 26400 -0.0734534117499
0.89 26700 -0.0732890768804
0.9 27000 -0.0736815895037
0.91 27300 -0.0735763370128
0.92 27600 -0.0728182566089
0.93 27900 -0.072859486531
0.94 28200 -0.0736641249355
0.95 28500 -0.0734857971591
0.96 28800 -0.0736914054705
0.97 29100 -0.0734640888319
0.98 29400 -0.0734492784006
0.99 29700 -0.0736717434762
1.0 30000 -0.0736198240944
