0.0 0 0.156663880524
0.01 300 -0.0391625224335
0.02 600 -0.055609403194
0.03 900 -0.0581089835248
0.04 1200 -0.0636299102204
0.05 1500 -0.067182440534
0.06 1800 -0.069209086826
0.07 2100 -0.0669219040187
0.08 2400 -0.070439997534
0.09 2700 -0.0720017024919
0.1 3000 -0.0701265352369
0.11 3300 -0.0698284019481
0.12 3600 -0.0695516096548
0.13 3900 -0.0704174427195
0.14 4200 -0.0700186062534
0.15 4500 -0.0728642961898
0.16 4800 -0.0704763713737
0.17 5100 -0.0716902258407
0.18 5400 -0.0717255400453
0.19 5700 -0.0713968094639
0.2 6000 -0.0725584993491
0.21 6300 -0.0702328265463
0.22 6600 -0.0720028370631
0.23 6900 -0.0725547748475
0.24 7200 -0.0723574734243
0.25 7500 -0.0716697797476
0.26 7800 -0.0713172999161
0.27 8100 -0.0734600799946
0.28 8400 -0.0734075364476
0.29 8700 -0.0733629435282
0.3 9000 -0.0723381190118
0.31 9300 -0.0728581052712
0.32 9600 -0.0726165837152
0.33 9900 -0.072993687589
0.34 10200 -0.0723175646312
0.35 10500 -0.0731681475345
0.36 10800 -0.0732037863508
0.37 11100 -0.0731347476378
0.38 11400 -0.0725913746347
0.39 11700 -0.0737163748731
0.4 12000 -0.0737654448946
0.41 12300 -0.073381497111
0.42 12600 -0.0726773136114
0.43 12900 -0.0723286374516
0.44 13200 -0.0725519819724
0.45 13500 -0.0729992956835
0.46 13800 -0.0735932130484
0.47 14100 -0.0737813959364
0.48 14400 -0.0730939150334
0.49 14700 -0.0742244028779
0.5 15000 -0.0730762591349
0.51 15300 -0.072629100471
0.52 15600 -0.0729489183849
0.53 15900 -0.0730432964342
0.54 16200 -0.0737366269212
0.55 16500 -0.0738231412853
0.56 16800 -0.0725532389596
0.57 17094 -0.0730213070374
0.58 17400 -0.0734315837991
0.59 17700 -0.0736181098419
0.6 18000 -0.0732289709668
0.61 18300 -0.0725190017363
0.62 18600 -0.0735193208202
0.63 18900 -0.073228271713
0.64 19200 -0.073118169738
0.65 19500 -0.0729186277784
0.66 19800 -0.0731798083009
0.67 20100 -0.0731792325289
0.68 20400 -0.0737760228224
0.69 20694 -0.073580068313
0.7 21000 -0.073814876549
0.71 21300 -0.0726792160203
0.72 21600 -0.0728462842345
0.73 21900 -0.0731025719905
0.74 22200 -0.0727484989044
0.75 22500 -0.0728918325432
0.76 22800 -0.0734239780823
0.77 23100 -0.0727770676018
0.78 23400 -0.073658437582
0.79 23700 -0.0740470104502
0.8 24000 -0.0733281004847
0.81 24300 -0.0734342466185
0.82 24600 -0.0736019511047
0.83 24900 -0.0731687540783
0.84 25200 -0.0734593263974
0.85 25500 -0.0741709484447
0.86 25800 -0.0736984060466
0.87 26100 -0.0738233012334
0.88 26400 -0.0741042849501
0.89 26700 -0.0732222941025
0.9 27000 -0.0735900770163
0.91 27300 -0.0738354203154
0.92 27600 -0.0735153205822
0.93 27900 -0.0734024857422
0.94 28200 -0.074084442738
0.95 28500 -0.073298217729
0.96 28800 -0.0738567775691
0.97 29100 -0.0726841499843
0.98 29400 -0.0735680480575
0.99 29700 -0.0734698859538
1.0 30000 -0.0737213690891
