0.0 0 0.142961956063
0.01 300 -0.0390680795106
0.02 600 -0.0574660558254
0.03 900 -0.0594123534207
0.04 1200 -0.0664001893915
0.05 1500 -0.0653851608582
0.06 1800 -0.0656171647942
0.07 2100 -0.0695001463098
0.08 2400 -0.0681377447026
0.09 2700 -0.0691962732885
0.1 3000 -0.0714297797366
0.11 3300 -0.0701551345814
0.12 3600 -0.0718680484797
0.13 3900 -0.06949225164
0.14 4200 -0.0716388107417
0.15 4500 -0.0723011247394
0.16 4800 -0.0727937085841
0.17 5100 -0.0714859694917
0.18 5400 -0.0723721477113
0.19 5700 -0.0723466275841
0.2 6000 -0.072324109408
0.21 6300 -0.0730688848166
0.22 6600 -0.0710948086336
0.23 6900 -0.0723859097404
0.24 7200 -0.071753784726
0.25 7500 -0.0706453744816
0.26 7800 -0.072306969461
0.27 8100 -0.0735740306916
0.28 8400 -0.0733244101011
0.29 8700 -0.0733126467983
0.3 9000 -0.0737004355643
0.31 9300 -0.072729265143
0.32 9600 -0.072747583925
0.33 9900 -0.0728670401831
0.34 10200 -0.0724740407914
0.35 10500 -0.0730285936599
0.36 10800 -0.0729958111338
0.37 11100 -0.0723464969232
0.38 11400 -0.0727639401561
0.39 11700 -0.0732936107728
0.4 12000 -0.0715323952438
0.41 12300 -0.0728971879963
0.42 12600 -0.0731457035856
0.43 12900 -0.0716497994053
0.44 13200 -0.07335641889
0.45 13500 -0.0736870757704
0.46 13800 -0.0735471148211
0.47 14100 -0.0729588127353
0.48 14400 -0.0723280597581
0.49 14700 -0.0736254926797
0.5 15000 -0.0728833533012
0.51 15300 -0.0729937140715
0.52 15600 -0.0725814966781
0.53 15900 -0.0731186564983
0.54 16200 -0.0735913815436
0.55 16500 -0.0729825300167
0.56 16800 -0.0740646080294
0.57 17094 -0.0731016814256
0.58 17400 -0.0736842933663
0.59 17700 -0.0727772787432
0.6 18000 -0.0737755935297
0.61 18300 -0.073174998455
0.62 18600 -0.0727956570349
0.63 18900 -0.0733569156686
0.64 19200 -0.073251328743
0.65 19500 -0.0733748309532
0.66 19800 -0.0723196217465
0.67 20100 -0.0735003904772
0.68 20400 -0.0734190305828
0.69 20694 -0.0735692647667
0.7 21000 -0.0724209221688
0.71 21300 -0.0733265538707
0.72 21600 -0.0729612649197
0.73 21900 -0.0737425929407
0.74 22200 -0.0730731839072
0.75 22500 -0.0724710438805
0.76 22800 -0.0736222637902
0.77 23100 -0.0733321601474
0.78 23400 -0.0734140521523
0.79 23700 -0.0735863300704
0.8 24000 -0.0730961044164
0.81 24300 -0.0741154344093
0.82 24600 -0.0732062609467
0.83 24900 -0.0737424454017
0.84 25200 -0.0732809611373
0.85 25500 -0.0731554971407
0.86 25800 -0.0731877920935
0.87 26100 -0.0732688485422
0.88 26400 -0.0742571594248
0.89 26700 -0.0734503428305
0.9 27000 -0.0729778509279
0.91 27300 -0.0735544432175
0.92 27600 -0.0734549713428
0.93 27900 -0.073352576246
0.94 28200 -0.0741638037145
0.95 28500 -0.0735810183907
0.96 28800 -0.0735671640065
0.97 29100 -0.0734207284359
0.98 29400 -0.0736019949672
0.99 29700 -0.0737826555708
1.0 30000 -0.0733970685384
