0.0 0 0.147388992875
0.01 300 -0.0371320665301
0.02 600 -0.0574636395684
0.03 900 -0.0562561223923
0.04 1200 -0.0620300292726
0.05 1500 -0.068819712884
0.06 1800 -0.0667609282074
0.07 2100 -0.0688999930724
0.08 2400 -0.0702231826294
0.09 2700 -0.0713479663712
0.1 3000 -0.0663874990625
0.11 3300 -0.0678393507194
0.12 3600 -0.0700633661106
0.13 3900 -0.0715486525972
0.14 4200 -0.0707398903217
0.15 4500 -0.0713119360822
0.16 4800 -0.0695592793098
0.17 5100 -0.0719272118915
0.18 5400 -0.0716053852324
0.19 5700 -0.070814961793
0.2 6000 -0.0712365784453
0.21 6300 -0.071798611079
0.22 6600 -0.0740201558022
0.23 6900 -0.071344646018
0.24 7200 -0.0732215139049
0.25 7500 -0.0714440485536
0.26 7800 -0.0728381362054
0.27 8100 -0.0723426803401
0.28 8400 -0.0720012553633
0.29 8700 -0.0728904679538
0.3 9000 -0.0729264443093
0.31 9300 -0.0726359661958
0.32 9600 -0.0722510622428
0.33 9900 -0.0723242822743
0.34 10200 -0.0732663193126
0.35 10500 -0.0726946786551
0.36 10800 -0.0729988918147
0.37 11100 -0.0723075408757
0.38 11400 -0.0726279653932
0.39 11700 -0.0739558619578
0.4 12000 -0.0726357762801
0.41 12300 -0.0726922642909
0.42 12600 -0.0733909134401
0.43 12900 -0.0735526133911
0.44 13200 -0.073367102001
0.45 13500 -0.0733662209897
0.46 13800 -0.0730143606948
0.47 14100 -0.0719488404046
0.48 14400 -0.0727507859223
0.49 14700 -0.0730705276652
0.5 15000 -0.0729432278746
0.51 15300 -0.0730354268078
0.52 15600 -0.0738144225839
0.53 15900 -0.0734199549116
0.54 16200 -0.0731364409461
0.55 16500 -0.0730959813519
0.56 16800 -0.0735639847837
0.57 17094 -0.0728477846006
0.58 17400 -0.0727080082291
0.59 17700 -0.0733587702159
0.6 18000 -0.0724218393324
0.61 18300 -0.0726120379096
0.62 18600 -0.0734713319555
0.63 18900 -0.0738847768752
0.64 19200 -0.0735464571779
0.65 19500 -0.0729382198249
0.66 19800 -0.0738532003856
0.67 20100 -0.0736537389488
0.68 20400 -0.0734901185832
0.69 20694 -0.0726131833396
0.7 21000 -0.0726389840244
0.71 21300 -0.0734634268981
0.72 21600 -0.0736592980456
0.73 21900 -0.0743045004191
0.74 22200 -0.0735016683166
0.75 22500 -0.0732190709463
0.76 22800 -0.0733099624255
0.77 23100 -0.0737521733733
0.78 23400 -0.0739204918509
0.79 23700 -0.0733684216139
0.8 24000 -0.0742384880726
0.81 24300 -0.0727823378909
0.82 24600 -0.0734703517352
0.83 24900 -0.0740177944045
0.84 25200 -0.0733754621299
0.85 25500 -0.0733363780114
0.86 25800 -0.0737488159246
0.87 26100 -0.0739138391755
0.88 26400 -0.0735282540266
0.89 26700 -0.0732044869194
0.9 27000 -0.0734999168034
0.91 27300 -0.0741741326416
0.92 27600 -0.0730759945182
0.93 27900 -0.073471281154
0.94 28200 -0.0733922808835
0.95 28500 -0.0739393874659
0.96 28800 -0.0734016602711
0.97 29100 -0.0732160670013
0.98 29400 -0.0735912038486
0.99 29700 -0.0733839578048
1.0 30000 -0.0738498509511
