0.0 0 0.156459939229
0.01 300 -0.0367639590414
0.02 600 -0.0522809906749
0.03 900 -0.0622477657486
0.04 1200 -0.0641738761174
0.05 1500 -0.0680782319189
0.06 1800 -0.0632497908563
0.07 2100 -0.0677053236825
0.08 2400 -0.0727772210009
0.09 2700 -0.0704170651825
0.1 3000 -0.0679060808198
0.11 3300 -0.0684263243961
0.12 3600 -0.0708456357969
0.13 3900 -0.0700723945204
0.14 4200 -0.0715346766199
0.15 4500 -0.0708225450454
0.16 4800 -0.0717678594809
0.17 5100 -0.070523582809
0.18 5400 -0.0711826958148
0.19 5700 -0.0731145142915
0.2 6000 -0.0731086510135
0.21 6300 -0.0731432539927
0.22 6600 -0.0739792258614
0.23 6900 -0.0718775860362
0.24 7200 -0.0718653017425
0.25 7500 -0.0722161529709
0.26 7800 -0.0724406309637
0.27 8100 -0.0723530211768
0.28 8400 -0.073464207695
0.29 8700 -0.0733888504835
0.3 9000 -0.0727200495046
0.31 9300 -0.0723457192399
0.32 9600 -0.0716308719963
0.33 9900 -0.0722168606303
0.34 10200 -0.0719325909585
0.35 10500 -0.0720494185805
0.36 10800 -0.0721934823375
0.37 11100 -0.0726897241782
0.38 11400 -0.0730020417249
0.39 11700 -0.0724950673445
0.4 12000 -0.073279885256
0.41 12300 -0.072705078348
0.42 12600 -0.0735255627846
0.43 12900 -0.0730274874907
0.44 13200 -0.0732416669745
0.45 13500 -0.0736229344896
0.46 13800 -0.0725951784181
0.47 14100 -0.0722005240692
0.48 14400 -0.0726404876296
0.49 14700 -0.0734785011099
0.5 15000 -0.0730518857463
0.51 15300 -0.0726601914179
0.52 15600 -0.0724850485455
0.53 15900 -0.0734093232066
0.54 16200 -0.0718506475139
0.55 16500 -0.0725330269376
0.56 16800 -0.0722962170491
0.57 17094 -0.072993198104
0.58 17400 -0.0726705925245
0.59 17700 -0.0730365812816
0.6 18000 -0.0729368883401
0.61 18300 -0.0736817663584
0.62 18600 -0.0737817584038
0.63 18900 -0.0726924906386
0.64 19200 -0.0737446235704
0.65 19500 -0.0737646650861
0.66 19800 -0.07392541361
0.67 20100 -0.074021187991
0.68 20400 -0.0730240627007
0.69 20694 -0.0744199684725
0.7 21000 -0.0740302622185
0.71 21300 -0.0734638741655
0.72 21600 -0.0737677457543
0.73 21900 -0.0734993334515
0.74 22200 -0.0734483247142
0.75 22500 -0.0731936161648
0.76 22800 -0.0734690494171
0.77 23100 -0.0737328299455
0.78 23400 -0.0738095483376
0.79 23700 -0.073309133315
0.8 24000 -0.0735019546812
0.81 24300 -0.0728215713897
0.82 24600 -0.0735287139391
0.83 24900 -0.0735986912603
0.84 25200 -0.0737717342682
0.85 25500 -0.0733839404161
0.86 25800 -0.0733623583356
0.87 26100 -0.0738180851522
0.88 26400 -0.0734636746241
0.89 26700 -0.074093170886
0.9 27000 -0.0742252004902
0.91 27300 -0.073793639002
0.92 27600 -0.0735445344341
0.93 27900 -0.0737091053506
0.94 28200 -0.0738182370012
0.95 28500 -0.0734719750198
0.96 28800 -0.0732188258845
0.97 29100 -0.0736798361931
0.98 29400 -0.0732887726368
0.99 29700 -0.0739837083862
1.0 30000 -0.073310780946
