0.0 0 0.424103464094
0.01 300 -0.115828864274
0.02 600 -0.15790994668
0.03 900 -0.18201080468
0.04 1200 -0.198758170622
0.05 1500 -0.198063490857
0.06 1800 -0.198930229624
0.07 2100 -0.202662145164
0.08 2400 -0.206854547772
0.09 2700 -0.210160724969
0.1 3000 -0.206231693841
0.11 3300 -0.208954826725
0.12 3600 -0.211451892964
0.13 3900 -0.211305220936
0.14 4200 -0.213579860792
0.15 4500 -0.214123084129
0.16 4800 -0.212706704588
0.17 5100 -0.212739926978
0.18 5400 -0.213719864667
0.19 5700 -0.21403790658
0.2 6000 -0.213619444352
0.21 6300 -0.216346805212
0.22 6600 -0.21630237142
0.23 6900 -0.215978252458
0.24 7200 -0.216049340551
0.25 7500 -0.217855022074
0.26 7800 -0.21685360545
0.27 8100 -0.216391399592
0.28 8400 -0.216662269979
0.29 8700 -0.217676231361
0.3 9000 -0.217010130557
0.31 9300 -0.218799457156
0.32 9600 -0.218080198628
0.33 9900 -0.219257099012
0.34 10200 -0.218370894412
0.35 10500 -0.217903220161
0.36 10800 -0.218567300274
0.37 11100 -0.218306773144
0.38 11400 -0.218432453758
0.39 11700 -0.21839037019
0.4 12000 -0.218420897176
0.41 12300 -0.218716038963
0.42 12600 -0.21790782183
0.43 12900 -0.218665572799
0.44 13200 -0.218443361062
0.45 13500 -0.219743359422
0.46 13800 -0.219552102763
0.47 14100 -0.219050420394
0.48 14400 -0.219330392744
0.49 14700 -0.219121941139
0.5 15000 -0.219482949004
0.51 15300 -0.219666386739
0.52 15600 -0.219917040595
0.53 15900 -0.219871723287
0.54 16200 -0.219951610068
0.55 16500 -0.219910445603
0.56 16800 -0.219553968425
0.57 17094 -0.219787134989
0.58 17400 -0.220016909841
0.59 17700 -0.219751607417
0.6 18000 -0.219642950372
0.61 18300 -0.220079721195
0.62 18600 -0.220398843919
0.63 18900 -0.219377567519
0.64 19200 -0.220106679471
0.65 19500 -0.220231021756
0.66 19800 -0.220493414925
0.67 20100 -0.220415398024
0.68 20400 -0.219854502807
0.69 20694 -0.220111691681
0.7 21000 -0.22016650066
0.71 21300 -0.220068159145
0.72 21600 -0.220343919039
0.73 21900 -0.220124794407
0.74 22200 -0.219968384339
0.75 22500 -0.220582928786
0.76 22800 -0.22040076718
0.77 23100 -0.219934197982
0.78 23400 -0.220157270361
0.79 23700 -0.220235167288
0.8 24000 -0.220478245493
0.81 24300 -0.220414830892
0.82 24600 -0.219949632029
0.83 24900 -0.22063964497
0.84 25200 -0.220951976184
0.85 25500 -0.220683465496
0.86 25800 -0.220713785115
0.87 26100 -0.220321966587
0.88 26400 -0.220736299235
0.89 26700 -0.220509763601
0.9 27000 -0.22069879485
0.91 27300 -0.220785551117
0.92 27600 -0.220531733748
0.93 27900 -0.220642479519
0.94 28200 -0.220518796343
0.95 28500 -0.220252447858
0.96 28800 -0.220780167862
0.97 29100 -0.220520591603
0.98 29400 -0.220806033737
0.99 29700 -0.220817546809
1.0 30000 -0.220693715696
