0.0 0 0.435505289256
0.01 300 -0.11429832279
0.02 600 -0.165332314315
0.03 900 -0.18725179889
0.04 1200 -0.194413273959
0.05 1500 -0.193951674227
0.06 1800 -0.20373566709
0.07 2100 -0.204116863677
0.08 2400 -0.201414384725
0.09 2700 -0.205925020771
0.1 3000 -0.210031406851
0.11 3300 -0.209357173182
0.12 3600 -0.210586820516
0.13 3900 -0.212248792942
0.14 4200 -0.213870761496
0.15 4500 -0.213394407262
0.16 4800 -0.215014573747
0.17 5100 -0.214264893862
0.18 5400 -0.214122178635
0.19 5700 -0.216138000469
0.2 6000 -0.215843462016
0.21 6300 -0.214375012394
0.22 6600 -0.217492672111
0.23 6900 -0.217627310788
0.24 7200 -0.217408686884
0.25 7500 -0.218385964681
0.26 7800 -0.216582885836
0.27 8100 -0.217435246509
0.28 8400 -0.216262719193
0.29 8700 -0.21745198922
0.3 9000 -0.218406013693
0.31 9300 -0.218449942751
0.32 9600 -0.218286947117
0.33 9900 -0.218191990815
0.34 10200 -0.216825753965
0.35 10500 -0.218656765639
0.36 10800 -0.219127487209
0.37 11100 -0.218422720757
0.38 11400 -0.218460371027
0.39 11700 -0.218493928365
0.4 12000 -0.218964976823
0.41 12300 -0.218933855419
0.42 12600 -0.219112143705
0.43 12900 -0.219326387298
0.44 13200 -0.21928857002
0.45 13500 -0.219445326574
0.46 13800 -0.219038468342
0.47 14100 -0.219787799157
0.48 14400 -0.219008109032
0.49 14700 -0.218762661273
0.5 15000 -0.219350564003
0.51 15300 -0.219486952023
0.52 15600 -0.219197075107
0.53 15900 -0.219171109607
0.54 16200 -0.219673137684
0.55 16500 -0.219550587654
0.56 16800 -0.219876908581
0.57 17094 -0.21998299989
0.58 17400 -0.220213992896
0.59 17700 -0.219946472322
0.6 18000 -0.220081994074
0.61 18300 -0.220129034675
0.62 18600 -0.219649778923
0.63 18900 -0.2200816499
0.64 19200 -0.220138910256
0.65 19500 -0.219889300488
0.66 19800 -0.219922097329
0.67 20100 -0.219793207658
0.68 20400 -0.219628422061
0.69 20694 -0.220205526837
0.7 21000 -0.220450222208
0.71 21300 -0.220005307743
0.72 21600 -0.220524726114
0.73 21900 -0.220272850619
0.74 22200 -0.220238734693
0.75 22500 -0.219968011416
0.76 22800 -0.220112609832
0.77 23100 -0.220058548976
0.78 23400 -0.220438839036
0.79 23700 -0.220544082976
0.8 24000 -0.220704202019
0.81 24300 -0.220359955708
0.82 24600 -0.220245550855
0.83 24900 -0.220239812857
0.84 25200 -0.220760322376
0.85 25500 -0.220001685012
0.86 25800 -0.220275798202
0.87 26100 -0.220779691086
0.88 26400 -0.220113551784
0.89 26700 -0.220757796011
0.9 27000 -0.220308217436
0.91 27300 -0.220710808469
0.92 27600 -0.22000569523
0.93 27900 -0.220358531276
0.94 28200 -0.220704364383
0.95 28500 -0.220764188549
0.96 28800 -0.220776780454
0.97 29100 -0.220905702216
0.98 29400 -0.220577922735
0.99 29700 -0.22088097643
1.0 30000 -0.220826233965
