0.0 0 0.437392857143
0.01 300 -0.0948051337289
0.02 600 -0.166285283805
0.03 900 -0.186372748323
0.04 1200 -0.192103188181
0.05 1500 -0.195268086144
0.06 1800 -0.2019571828
0.07 2100 -0.203540537319
0.08 2400 -0.206334581966
0.09 2700 -0.208955066296
0.1 3000 -0.210286591838
0.11 3300 -0.210312802337
0.12 3600 -0.212887750267
0.13 3900 -0.211769520726
0.14 4200 -0.213858597256
0.15 4500 -0.214402973884
0.16 4800 -0.213118605615
0.17 5100 -0.215155367142
0.18 5400 -0.215451606878
0.19 5700 -0.214850586077
0.2 6000 -0.215417710519
0.21 6300 -0.215027267404
0.22 6600 -0.215018725611
0.23 6900 -0.217227254771
0.24 7200 -0.216047822142
0.25 7500 -0.216890922701
0.26 7800 -0.216166425356
0.27 8100 -0.217528397604
0.28 8400 -0.217911066859
0.29 8700 -0.217215839537
0.3 9000 -0.217589968786
0.31 9300 -0.217677298827
0.32 9600 -0.217595614313
0.33 9900 -0.217930430434
0.34 10200 -0.218688011831
0.35 10500 -0.217534150797
0.36 10800 -0.21801821105
0.37 11100 -0.218422529739
0.38 11400 -0.218350575444
0.39 11700 -0.218777513074
0.4 12000 -0.217926703827
0.41 12300 -0.218984269219
0.42 12600 -0.219579673654
0.43 12900 -0.218409377767
0.44 13200 -0.21883755161
0.45 13500 -0.218766717286
0.46 13800 -0.219329823705
0.47 14100 -0.219553693906
0.48 14400 -0.219650144275
0.49 14700 -0.219262082223
0.5 15000 -0.219435070576
0.51 15300 -0.219537681676
0.52 15600 -0.219831234316
0.53 15900 -0.219497154838
0.54 16200 -0.219347623064
0.55 16500 -0.219668130752
0.56 16800 -0.21932163076
0.57 17094 -0.220097274505
0.58 17400 -0.219787864214
0.59 17700 -0.219529348309
0.6 18000 -0.219677821378
0.61 18300 -0.219643731585
0.62 18600 -0.220037619487
0.63 18900 -0.219613627979
0.64 19200 -0.220202693548
0.65 19500 -0.219686955725
0.66 19800 -0.219654405349
0.67 20100 -0.219887819052
0.68 20400 -0.21956154242
0.69 20694 -0.220559329704
0.7 21000 -0.220042030562
0.71 21300 -0.220068713242
0.72 21600 -0.220094391504
0.73 21900 -0.220605454434
0.74 22200 -0.220026722067
0.75 22500 -0.220023713903
0.76 22800 -0.220343465257
0.77 23100 -0.220166149098
0.78 23400 -0.219845520926
0.79 23700 -0.22034976281
0.8 24000 -0.220395686399
0.81 24300 -0.220562787506
0.82 24600 -0.219868628727
0.83 24900 -0.220879601901
0.84 25200 -0.220392832469
0.85 25500 -0.220414056978
0.86 25800 -0.220121524518
0.87 26100 -0.220498896837
0.88 26400 -0.22079269907
0.89 26700 -0.220879486182
0.9 27000 -0.220082381678
0.91 27300 -0.220882826465
0.92 27600 -0.220533824878
0.93 27900 -0.220765729634
0.94 28200 -0.220212610176
0.95 28500 -0.220741859917
0.96 28800 -0.220755384462
0.97 29100 -0.220561484214
0.98 29400 -0.220555333808
0.99 29700 -0.220769797478
1.0 30000 -0.220450367527
