0.0 0 0.420339876033
0.01 300 -0.108524741484
0.02 600 -0.154344214194
0.03 900 -0.179962224236
0.04 1200 -0.200027118226
0.05 1500 -0.197414568729
0.06 1800 -0.203739938548
0.07 2100 -0.207144245939
0.08 2400 -0.206859200418
0.09 2697 -0.208931247763
0.1 3000 -0.20852237535
0.11 3300 -0.213085518427
0.12 3600 -0.209302143162
0.13 3900 -0.212592897577
0.14 4200 -0.211551202926
0.15 4500 -0.21209929796
0.16 4800 -0.213682734445
0.17 5100 -0.213876222216
0.18 5397 -0.214452757048
0.19 5697 -0.216212201503
0.2 6000 -0.216184248199
0.21 6300 -0.21499930479
0.22 6600 -0.216117389034
0.23 6900 -0.217408206566
0.24 7200 -0.217135285658
0.25 7500 -0.216998539656
0.26 7800 -0.217086833882
0.27 8100 -0.216623520418
0.28 8400 -0.217132417044
0.29 8700 -0.218433075438
0.3 9000 -0.217810402413
0.31 9300 -0.217380380381
0.32 9600 -0.218348067765
0.33 9900 -0.218058790358
0.34 10200 -0.217731043598
0.35 10497 -0.21784461483
0.36 10797 -0.218507165675
0.37 11097 -0.2180034121
0.38 11397 -0.218983008237
0.39 11697 -0.218657905832
0.4 12000 -0.218416835996
0.41 12300 -0.218237304251
0.42 12600 -0.219211746366
0.43 12900 -0.219225458541
0.44 13200 -0.218237743131
0.45 13500 -0.218763647418
0.46 13800 -0.219213866775
0.47 14100 -0.218477059059
0.48 14400 -0.219881496487
0.49 14700 -0.218710010409
0.5 15000 -0.220414987404
0.51 15300 -0.220047304268
0.52 15600 -0.219068431038
0.53 15900 -0.219465991138
0.54 16200 -0.219788014555
0.55 16500 -0.218870023902
0.56 16800 -0.219671471632
0.57 17097 -0.219521433026
0.58 17400 -0.219485222948
0.59 17700 -0.219608635295
0.6 18000 -0.219901843695
0.61 18300 -0.219758399008
0.62 18600 -0.220323486545
0.63 18900 -0.219787549448
0.64 19200 -0.219857546957
0.65 19500 -0.220266031943
0.66 19800 -0.220122385766
0.67 20100 -0.22048040417
0.68 20400 -0.220436813532
0.69 20697 -0.219951870014
0.7 20997 -0.220104199071
0.71 21297 -0.220631726221
0.72 21597 -0.220340348902
0.73 21897 -0.220454560137
0.74 22197 -0.22050448567
0.75 22497 -0.220553023914
0.76 22797 -0.219990943186
0.77 23097 -0.219966071136
0.78 23397 -0.220183219024
0.79 23700 -0.220655800537
0.8 24000 -0.220314492181
0.81 24300 -0.220472590911
0.82 24600 -0.220354237883
0.83 24900 -0.220505764476
0.84 25200 -0.220631942685
0.85 25500 -0.220438939221
0.86 25800 -0.220713080241
0.87 26100 -0.220752385739
0.88 26400 -0.220542056528
0.89 26700 -0.220708352581
0.9 27000 -0.220524707639
0.91 27300 -0.220466806434
0.92 27600 -0.220579493304
0.93 27900 -0.220595034227
0.94 28200 -0.22042278935
0.95 28500 -0.220787212143
0.96 28800 -0.220546730273
0.97 29100 -0.220450487544
0.98 29400 -0.220756803984
0.99 29700 -0.220593788461
1.0 30000 -0.220494347662
