0.0 0 0.428118614866
0.01 300 -0.113204782676
0.02 600 -0.164389058646
0.03 900 -0.192382054075
0.04 1200 -0.186874550942
0.05 1500 -0.193958742382
0.06 1800 -0.20091176217
0.07 2100 -0.205639669708
0.08 2400 -0.199784900675
0.09 2700 -0.204987816456
0.1 3000 -0.208962083594
0.11 3300 -0.212457769687
0.12 3600 -0.211627854287
0.13 3900 -0.212095334803
0.14 4200 -0.212471391247
0.15 4500 -0.212963240926
0.16 4800 -0.212846041038
0.17 5100 -0.214519207863
0.18 5400 -0.215180818518
0.19 5700 -0.214384747947
0.2 6000 -0.215429497461
0.21 6300 -0.215826011791
0.22 6600 -0.21680560417
0.23 6900 -0.215898582526
0.24 7200 -0.216134599917
0.25 7500 -0.217239622814
0.26 7800 -0.218182802975
0.27 8100 -0.216302408316
0.28 8400 -0.216501016254
0.29 8700 -0.217895833263
0.3 9000 -0.217736758923
0.31 9300 -0.218017438433
0.32 9600 -0.217801650803
0.33 9900 -0.218987116584
0.34 10200 -0.217977376324
0.35 10500 -0.218407743742
0.36 10800 -0.21911618379
0.37 11100 -0.218660739757
0.38 11400 -0.218978466087
0.39 11700 -0.219279763178
0.4 12000 -0.218633996954
0.41 12300 -0.218825693383
0.42 12600 -0.218166148978
0.43 12900 -0.218917921498
0.44 13200 -0.218739868944
0.45 13500 -0.218813111232
0.46 13800 -0.219357290807
0.47 14100 -0.219366657651
0.48 14400 -0.220064852837
0.49 14700 -0.219069521694
0.5 15000 -0.21952501447
0.51 15300 -0.219615329268
0.52 15600 -0.218941592533
0.53 15900 -0.219914510243
0.54 16200 -0.219339109621
0.55 16500 -0.219589270965
0.56 16800 -0.219514932615
0.57 17097 -0.219675029391
0.58 17400 -0.219712226304
0.59 17700 -0.219675914863
0.6 18000 -0.2201931424
0.61 18300 -0.219355047316
0.62 18600 -0.219611240537
0.63 18900 -0.219928551451
0.64 19200 -0.219857855379
0.65 19500 -0.219484672957
0.66 19800 -0.220525769204
0.67 20100 -0.220446442006
0.68 20400 -0.219984035513
0.69 20697 -0.220428050626
0.7 21000 -0.220293384292
0.71 21300 -0.220352503545
0.72 21600 -0.220433495093
0.73 21900 -0.220363239633
0.74 22200 -0.220593321406
0.75 22500 -0.220170364303
0.76 22800 -0.220107269117
0.77 23100 -0.220333560444
0.78 23400 -0.220384134859
0.79 23700 -0.220346858081
0.8 24000 -0.220285689296
0.81 24300 -0.220552013289
0.82 24600 -0.220326150123
0.83 24900 -0.220187172843
0.84 25200 -0.220524106907
0.85 25500 -0.220308456913
0.86 25800 -0.220532619859
0.87 26100 -0.220627385892
0.88 26400 -0.220314457315
0.89 26700 -0.220707673238
0.9 27000 -0.220279715525
0.91 27300 -0.220491504898
0.92 27600 -0.220076809789
0.93 27900 -0.220310578804
0.94 28200 -0.220398635798
0.95 28500 -0.220600969813
0.96 28800 -0.220572048905
0.97 29100 -0.220926162644
0.98 29400 -0.220487779033
0.99 29700 -0.220701963721
1.0 30000 -0.220697250469
