0.0 0 0.438967279128
0.01 300 -0.0915849784447
0.02 600 -0.18171139542
0.03 900 -0.185060978552
0.04 1200 -0.18986403263
0.05 1500 -0.194417316506
0.06 1800 -0.199195818725
0.07 2100 -0.204407709836
0.08 2400 -0.20578359561
0.09 2700 -0.208247302301
0.1 3000 -0.211949071899
0.11 3300 -0.210700774236
0.12 3600 -0.21019914292
0.13 3900 -0.21174895787
0.14 4200 -0.210631527869
0.15 4500 -0.213241015429
0.16 4800 -0.212295364247
0.17 5100 -0.214513441991
0.18 5400 -0.212775570351
0.19 5700 -0.217014016269
0.2 6000 -0.216610724178
0.21 6300 -0.216446738535
0.22 6600 -0.216596830506
0.23 6900 -0.215502435748
0.24 7200 -0.2161366061
0.25 7500 -0.21628147417
0.26 7800 -0.217337209856
0.27 8100 -0.217671882174
0.28 8400 -0.216419561027
0.29 8700 -0.21811895131
0.3 9000 -0.216791376889
0.31 9300 -0.217876059198
0.32 9600 -0.217179862965
0.33 9900 -0.216992967621
0.34 10200 -0.217720982249
0.35 10500 -0.218656600178
0.36 10800 -0.218628848794
0.37 11100 -0.218006797561
0.38 11400 -0.219500435753
0.39 11700 -0.21826488034
0.4 12000 -0.218580235647
0.41 12300 -0.219683020683
0.42 12600 -0.219158349962
0.43 12900 -0.218661494613
0.44 13200 -0.218687842499
0.45 13500 -0.218907228365
0.46 13800 -0.220027743464
0.47 14100 -0.219318940029
0.48 14400 -0.219007864693
0.49 14700 -0.219654199218
0.5 15000 -0.218994906632
0.51 15300 -0.219616162251
0.52 15600 -0.218941103944
0.53 15900 -0.21920609316
0.54 16200 -0.220118502441
0.55 16500 -0.219868479668
0.56 16800 -0.219709876758
0.57 17097 -0.22029203459
0.58 17400 -0.219332393284
0.59 17700 -0.219750712668
0.6 18000 -0.220082553541
0.61 18300 -0.219751640526
0.62 18600 -0.219469806736
0.63 18900 -0.219719532144
0.64 19200 -0.219617722373
0.65 19500 -0.220331108278
0.66 19800 -0.220223678796
0.67 20100 -0.219689482129
0.68 20400 -0.2204045516
0.69 20697 -0.219852179733
0.7 21000 -0.22041861803
0.71 21300 -0.219508490855
0.72 21600 -0.219910370871
0.73 21900 -0.220332031417
0.74 22200 -0.22038565963
0.75 22500 -0.220141293373
0.76 22800 -0.220310868045
0.77 23100 -0.220074100653
0.78 23400 -0.220523909152
0.79 23700 -0.220542529215
0.8 24000 -0.220284896712
0.81 24300 -0.220087667187
0.82 24600 -0.220514900486
0.83 24900 -0.220532251201
0.84 25200 -0.220549848244
0.85 25500 -0.220306934828
0.86 25800 -0.220557881929
0.87 26100 -0.22016796947
0.88 26400 -0.220716928989
0.89 26700 -0.22038287287
0.9 27000 -0.220352332633
0.91 27300 -0.22027318248
0.92 27600 -0.220603639609
0.93 27900 -0.220618501212
0.94 28200 -0.220422430472
0.95 28500 -0.220694180801
0.96 28800 -0.2207998538
0.97 29100 -0.220835763869
0.98 29400 -0.220870283538
0.99 29700 -0.220390438213
1.0 30000 -0.220428071343
