0.0 0 0.0
0.01 0 -0.147408191568
0.02 0 -0.136800551798
0.03 0 -0.133653828125
0.04 0 -0.132661051097
0.05 0 -0.131650339506
0.06 0 -0.130633956809
0.07 0 -0.130081475183
0.08 0 -0.130132820298
0.09 0 -0.129672147944
0.1 0 -0.129364381783
0.11 0 -0.129489239494
0.12 0 -0.129235492962
0.13 0 -0.129072144167
0.14 0 -0.128977909886
0.15 0 -0.128971344029
0.16 0 -0.128856264038
0.17 0 -0.128716447288
0.18 0 -0.12888276187
0.19 0 -0.128666738998
0.2 0 -0.128562320696
0.21 0 -0.129431628578
0.22 0 -0.129470149942
0.23 0 -0.12935641632
0.24 0 -0.129231957062
0.25 0 -0.129126296116
0.26 0 -0.129181444796
0.27 0 -0.129117479202
0.28 0 -0.129032389604
0.29 0 -0.129069518036
0.3 0 -0.128987771192
0.31 0 -0.128927817741
0.32 0 -0.128810172909
0.33 0 -0.128879674378
0.34 0 -0.128799364865
0.35 0 -0.128729568114
0.36 0 -0.128796103316
0.37 0 -0.128767960362
0.38 0 -0.12868561481
0.39 0 -0.128633733569
0.4 0 -0.128663809815
0.41 0 -0.129099650908
0.42 0 -0.129038267426
0.43 0 -0.128983332888
0.44 0 -0.129026782966
0.45 0 -0.128978557009
0.46 0 -0.128910002573
0.47 0 -0.129009973769
0.48 0 -0.1289096945
0.49 0 -0.128859981828
0.5 0 -0.128821655831
0.51 0 -0.128835059503
0.52 0 -0.128807777441
0.53 0 -0.128752165656
0.54 0 -0.128812430151
0.55 0 -0.128781566612
0.56 0 -0.128762016534
0.57 0 -0.128670887961
0.58 0 -0.128708111626
0.59 0 -0.128671106022
0.6 0 -0.128656466033
0.61 0 -0.128924984835
0.62 0 -0.128971861825
0.63 0 -0.128929340375
0.64 0 -0.128875968982
0.65 0 -0.1289176505
0.66 0 -0.128890313432
0.67 0 -0.128842034674
0.68 0 -0.128799711486
0.69 0 -0.1288354337
0.7 0 -0.128796028617
0.71 0 -0.128762039319
0.72 0 -0.128803966153
0.73 0 -0.128778973684
0.74 0 -0.128745896324
0.75 0 -0.128724570919
0.76 0 -0.128750880495
0.77 0 -0.128740735617
0.78 0 -0.128669598707
0.79 0 -0.128653257301
0.8 0 -0.128686848608
0.81 0 -0.128643609838
0.82 0 -0.128860413631
0.83 0 -0.12889121311
0.84 0 -0.128853647834
0.85 0 -0.128838718855
0.86 0 -0.128826098156
0.87 0 -0.128840430595
0.88 0 -0.128798185111
0.89 0 -0.128773493548
0.9 0 -0.128797604082
0.91 0 -0.128773569372
0.92 0 -0.128771267829
0.93 0 -0.128721402212
0.94 0 -0.128771016028
0.95 0 -0.128744006318
0.96 0 -0.128736674079
0.97 0 -0.128692400783
0.98 0 -0.128693024947
0.99 0 -0.128685633147
1.0 0 -0.128665316564
