0.0 0 0.0
0.01 0 0.0509471904266
0.02 0 0.0566909171076
0.03 0 0.0586396191136
0.04 0 0.0571654968262
0.05 0 0.0581107763672
0.06 0 0.0588182593452
0.07 0 0.0564663222955
0.08 0 0.0571777763367
0.09 0 0.0577983925902
0.1 0 0.0572885568609
0.11 0 0.0577095028248
0.12 0 0.058154542503
0.13 0 0.0577079819458
0.14 0 0.0572569865725
0.15 0 0.0576107268511
0.16 0 0.0572983417141
0.17 0 0.0576306592903
0.18 0 0.0578661586607
0.19 0 0.0576174445049
0.2 0 0.057864466355
0.21 0 0.0575476301852
0.22 0 0.0573199136139
0.23 0 0.0575601080164
0.24 0 0.0577365942331
0.25 0 0.0575395287245
0.26 0 0.0577289861439
0.27 0 0.0579049111125
0.28 0 0.0573464227623
0.29 0 0.0575029407862
0.3 0 0.0576465233494
0.31 0 0.0575222722455
0.32 0 0.0576613677715
0.33 0 0.0578059777911
0.34 0 0.0573135481635
0.35 0 0.0574917693827
0.36 0 0.0576315421836
0.37 0 0.0574845156151
0.38 0 0.0576102249304
0.39 0 0.0577315508236
0.4 0 0.0576223155136
0.41 0 0.0574743639487
0.42 0 0.0575825036351
0.43 0 0.0574474150006
0.44 0 0.0575872148173
0.45 0 0.0576922224639
0.46 0 0.0575851710304
0.47 0 0.057698704046
0.48 0 0.0575505395869
0.49 0 0.0574516001544
0.5 0 0.0575567298429
0.51 0 0.0576555653722
0.52 0 0.0575541453088
0.53 0 0.057657110405
0.54 0 0.0577478777912
0.55 0 0.0574483857088
0.56 0 0.057521367205
0.57 0 0.0576210193625
0.58 0 0.0576984096414
0.59 0 0.0576231247939
0.6 0 0.0577136359533
0.61 0 0.0576014932697
0.62 0 0.057524188067
0.63 0 0.0576005940542
0.64 0 0.0576767174114
0.65 0 0.0576065420572
0.66 0 0.0576791715414
0.67 0 0.0577249884798
0.68 0 0.0575092762466
0.69 0 0.0575812711809
0.7 0 0.0576563083864
0.71 0 0.0575856029466
0.72 0 0.0576470785196
0.73 0 0.0577203205309
0.74 0 0.057654855939
0.75 0 0.0575640141608
0.76 0 0.0576218456268
0.77 0 0.0575705790813
0.78 0 0.0576327881841
0.79 0 0.0576846790847
0.8 0 0.0576256023435
0.81 0 0.0576902383454
0.82 0 0.0576065542927
0.83 0 0.0575441742239
0.84 0 0.0576105218857
0.85 0 0.0576631305172
0.86 0 0.0575702122464
0.87 0 0.0576619026777
0.88 0 0.0575968293243
0.89 0 0.0575439120738
0.9 0 0.0575961586963
0.91 0 0.0576423872963
0.92 0 0.0575965210621
0.93 0 0.0576427990517
0.94 0 0.0576971174634
0.95 0 0.0575289602807
0.96 0 0.0575789161942
0.97 0 0.0576247264919
0.98 0 0.0575766577328
0.99 0 0.0576261039594
1.0 0 0.0576750295485
