0.0 0 0.0
0.01 0 0.194182195216
0.02 0 0.197236852599
0.03 0 0.194216779279
0.04 0 0.195646748311
0.05 0 0.195389720434
0.06 0 0.194203031156
0.07 0 0.195101696084
0.08 0 0.194244415961
0.09 0 0.194169440274
0.1 0 0.194840135135
0.11 0 0.194235260702
0.12 0 0.194655056811
0.13 0 0.19470258276
0.14 0 0.194241526474
0.15 0 0.194631806066
0.16 0 0.194226903576
0.17 0 0.19424102151
0.18 0 0.194579979922
0.19 0 0.194242476611
0.2 0 0.194530403709
0.21 0 0.19453216455
0.22 0 0.194243324946
0.23 0 0.194504769131
0.24 0 0.194243256625
0.25 0 0.194243614131
0.26 0 0.194473601522
0.27 0 0.19423756921
0.28 0 0.194459453371
0.29 0 0.194452897674
0.3 0 0.194246064843
0.31 0 0.194436524764
0.32 0 0.194239069506
0.33 0 0.194239670606
0.34 0 0.194421238502
0.35 0 0.194247879913
0.36 0 0.194408881246
0.37 0 0.194407441508
0.38 0 0.19424899851
0.39 0 0.194386527257
0.4 0 0.19424670096
0.41 0 0.194246792305
0.42 0 0.194378155403
0.43 0 0.194240759863
0.44 0 0.194377070522
0.45 0 0.194376110885
0.46 0 0.194245634275
0.47 0 0.194375134307
0.48 0 0.194244252838
0.49 0 0.194247089368
0.5 0 0.194368445376
0.51 0 0.194246799818
0.52 0 0.194359418642
0.53 0 0.194358746532
0.54 0 0.194236755578
0.55 0 0.19434870679
0.56 0 0.194246741708
0.57 0 0.19424822009
0.58 0 0.19435243381
0.59 0 0.194248387648
0.6 0 0.194347920828
0.61 0 0.194346118435
0.62 0 0.19424825119
0.63 0 0.194339322142
0.64 0 0.19424580132
0.65 0 0.194247921918
0.66 0 0.194339575044
0.67 0 0.194243172984
0.68 0 0.194327038491
0.69 0 0.194331600876
0.7 0 0.194244483936
0.71 0 0.194326857908
0.72 0 0.194245691813
0.73 0 0.194241912988
0.74 0 0.194330729862
0.75 0 0.194248373033
0.76 0 0.194324799604
0.77 0 0.194243014304
0.78 0 0.194248697377
0.79 0 0.19432069049
0.8 0 0.194248844654
0.81 0 0.194319424751
0.82 0 0.194322417393
0.83 0 0.194243201282
0.84 0 0.194320035854
0.85 0 0.194244791014
0.86 0 0.194247573987
0.87 0 0.19431665822
0.88 0 0.194245948631
0.89 0 0.194313671825
0.9 0 0.194307207821
0.91 0 0.194246827804
0.92 0 0.19431204388
0.93 0 0.194247503482
0.94 0 0.194242985632
0.95 0 0.194307627075
0.96 0 0.194248212387
0.97 0 0.194308172731
0.98 0 0.194310012066
0.99 0 0.194246343662
1.0 0 0.194309018247
