0.0 0 0.0
0.01 0 0.302398237656
0.02 0 0.303845514588
0.03 0 0.298904944
0.04 0 0.300507836871
0.05 0 0.298861522109
0.06 0 0.299484405009
0.07 0 0.300317165896
0.08 0 0.299283804896
0.09 0 0.299624986808
0.1 0 0.29888662663
0.11 0 0.299481946084
0.12 0 0.298631641314
0.13 0 0.299137508554
0.14 0 0.299579196783
0.15 0 0.2989041073
0.16 0 0.299294190007
0.17 0 0.298873253827
0.18 0 0.29908159755
0.19 0 0.298718353257
0.2 0 0.299041141799
0.21 0 0.299204593893
0.22 0 0.298889156757
0.23 0 0.299161814009
0.24 0 0.298756480575
0.25 0 0.299013712757
0.26 0 0.29874984459
0.27 0 0.298889972928
0.28 0 0.299112693718
0.29 0 0.29878010413
0.3 0 0.298998906844
0.31 0 0.298778534267
0.32 0 0.298894790702
0.33 0 0.298686486268
0.34 0 0.298884255984
0.35 0 0.298983358094
0.36 0 0.298794945927
0.37 0 0.298967618042
0.38 0 0.298719618356
0.39 0 0.298886546141
0.4 0 0.298713990747
0.41 0 0.298810605723
0.42 0 0.298961013101
0.43 0 0.298806525653
0.44 0 0.298885790541
0.45 0 0.298740614472
0.46 0 0.298880431064
0.47 0 0.298679559689
0.48 0 0.298815872371
0.49 0 0.298945858482
0.5 0 0.298752826796
0.51 0 0.298882703311
0.52 0 0.298754903032
0.53 0 0.298825573907
0.54 0 0.298700516483
0.55 0 0.29882123656
0.56 0 0.298886756292
0.57 0 0.298766082098
0.58 0 0.298829703667
0.59 0 0.29871935847
0.6 0 0.298824976266
0.61 0 0.298887417961
0.62 0 0.298779458021
0.63 0 0.298880893236
0.64 0 0.298733560001
0.65 0 0.29883450877
0.66 0 0.298732863522
0.67 0 0.298788413572
0.68 0 0.298880686418
0.69 0 0.298787580026
0.7 0 0.298839954109
0.71 0 0.298745689242
0.72 0 0.298836382451
0.73 0 0.298707138387
0.74 0 0.298794073437
0.75 0 0.298880342776
0.76 0 0.298755089005
0.77 0 0.298839919377
0.78 0 0.298753247799
0.79 0 0.298802006607
0.8 0 0.298719947346
0.81 0 0.298797749201
0.82 0 0.298843680366
0.83 0 0.298764757313
0.84 0 0.29880873169
0.85 0 0.298730888453
0.86 0 0.29880375947
0.87 0 0.298698695752
0.88 0 0.298773198772
0.89 0 0.298845092912
0.9 0 0.298739492569
0.91 0 0.298810790986
0.92 0 0.298738836757
0.93 0 0.29877976201
0.94 0 0.298709200152
0.95 0 0.298778398864
0.96 0 0.298815981575
0.97 0 0.298747539578
0.98 0 0.298814465814
0.99 0 0.298720296827
1.0 0 0.298784898954
