0.0 0 0.0
0.01 0 -0.119647928994
0.02 0 -0.109070309719
0.03 0 -0.105889375
0.04 0 -0.104907878944
0.05 0 -0.103943100137
0.06 0 -0.10288069654
0.07 0 -0.102348954397
0.08 0 -0.102393329652
0.09 0 -0.101920283526
0.1 0 -0.101611579363
0.11 0 -0.101740584557
0.12 0 -0.101485231849
0.13 0 -0.101315667408
0.14 0 -0.101212680055
0.15 0 -0.101222108083
0.16 0 -0.10110263443
0.17 0 -0.100960228444
0.18 0 -0.10113351312
0.19 0 -0.100916842818
0.2 0 -0.100811797145
0.21 0 -0.101685258541
0.22 0 -0.101720098209
0.23 0 -0.1016087488
0.24 0 -0.101481271642
0.25 0 -0.101378929423
0.26 0 -0.10143264766
0.27 0 -0.101373891892
0.28 0 -0.101278284676
0.29 0 -0.101316966014
0.3 0 -0.101237833706
0.31 0 -0.10117852062
0.32 0 -0.10106086339
0.33 0 -0.101130216368
0.34 0 -0.101048345946
0.35 0 -0.100980445855
0.36 0 -0.101047620262
0.37 0 -0.101014970677
0.38 0 -0.100939060343
0.39 0 -0.100881738903
0.4 0 -0.100913412023
0.41 0 -0.101349375616
0.42 0 -0.101287714199
0.43 0 -0.10123238187
0.44 0 -0.101276469857
0.45 0 -0.101227640144
0.46 0 -0.101160394147
0.47 0 -0.10126043179
0.48 0 -0.101158372595
0.49 0 -0.101112605514
0.5 0 -0.101070183013
0.51 0 -0.101085138725
0.52 0 -0.101057709298
0.53 0 -0.10100169523
0.54 0 -0.101060870933
0.55 0 -0.101028300645
0.56 0 -0.101006471693
0.57 0 -0.100920588036
0.58 0 -0.100958090293
0.59 0 -0.100921155334
0.6 0 -0.100903032
0.61 0 -0.101176051065
0.62 0 -0.101220277347
0.63 0 -0.10117734179
0.64 0 -0.101125487574
0.65 0 -0.101166347698
0.66 0 -0.101140614537
0.67 0 -0.101090759898
0.68 0 -0.101048767568
0.69 0 -0.101084381993
0.7 0 -0.101045049841
0.71 0 -0.101012344131
0.72 0 -0.101051834001
0.73 0 -0.101027497683
0.74 0 -0.100998533108
0.75 0 -0.100971406116
0.76 0 -0.100999052972
0.77 0 -0.100984888064
0.78 0 -0.100919056899
0.79 0 -0.100902918118
0.8 0 -0.100933832017
0.81 0 -0.100892358945
0.82 0 -0.101109599645
0.83 0 -0.101140066168
0.84 0 -0.101102765014
0.85 0 -0.101086750409
0.86 0 -0.101071957228
0.87 0 -0.101088246938
0.88 0 -0.101047604569
0.89 0 -0.101023543219
0.9 0 -0.10104635277
0.91 0 -0.101022373458
0.92 0 -0.101019721002
0.93 0 -0.1009707499
0.94 0 -0.101018604467
0.95 0 -0.100992828524
0.96 0 -0.100984831941
0.97 0 -0.100939953441
0.98 0 -0.100943692556
0.99 0 -0.100934424844
1.0 0 -0.100912423319
