0.0 0 0.0
0.01 0 -0.00863647959184
0.02 0 -0.00389357907253
0.03 0 -0.00263022985537
0.04 0 -0.00211785406492
0.05 0 -0.00158108108108
0.06 0 -0.000128730569121
0.07 0 -0.000117435646106
0.08 0 -7.90471612454e-06
0.09 0 -6.43577550534e-05
0.1 0 -0.000151214728656
0.11 0 -0.000737547928994
0.12 0 -0.000678785955168
0.13 0 -0.000640151796256
0.14 0 -0.000586929888228
0.15 0 -0.00055371543997
0.16 0 -7.36950097029e-05
0.17 0 -5.65161249685e-05
0.18 0 -2.08903196847e-05
0.19 0 -1.94249534732e-05
0.2 0 -2.09729165958e-05
0.21 0 -0.000388520848626
0.22 0 -0.00040529023486
0.23 0 -0.000332036188199
0.24 0 -0.000379310140765
0.25 0 -0.000311019245719
0.26 0 -1.08925864804e-05
0.27 0 -2.26059498037e-05
0.28 0 -4.4337140383e-05
0.29 0 -1.54723797114e-05
0.3 0 -2.74512174999e-05
0.31 0 -0.000254753653081
0.32 0 -0.00023908645449
0.33 0 -0.000244211172101
0.34 0 -0.000249021443284
0.35 0 -0.000224137835207
0.36 0 -5.38639376342e-05
0.37 0 -5.53954698226e-06
0.38 0 -1.53247761682e-05
0.39 0 -1.90661345122e-05
0.4 0 -1.01587564761e-05
0.41 0 -0.00020068224117
0.42 0 -0.00019347046987
0.43 0 -0.000182071225715
0.44 0 -0.000188358477424
0.45 0 -0.000173381530352
0.46 0 -3.13359900173e-05
0.47 0 -5.43775131359e-06
0.48 0 -6.54133579564e-06
0.49 0 -8.14444798716e-06
0.5 0 -1.54612341144e-05
0.51 0 -0.000156175668987
0.52 0 -0.000165539267715
0.53 0 -0.000144869982933
0.54 0 -0.000155834019884
0.55 0 -0.000142786429164
0.56 0 -1.77683434193e-05
0.57 0 -3.74799501481e-06
0.58 0 -1.16916288625e-05
0.59 0 -1.83583406309e-05
0.6 0 -1.98427094237e-05
0.61 0 -0.000140213973932
0.62 0 -0.000137739100898
0.63 0 -0.000130165003289
0.64 0 -0.00012693767313
0.65 0 -0.000123821713335
0.66 0 -2.18856126917e-06
0.67 0 -9.28245116871e-06
0.68 0 -1.5897880487e-05
0.69 0 -1.39419745756e-05
0.7 0 -1.49378528407e-05
0.71 0 -0.000139513146789
0.72 0 -0.000123928317811
0.73 0 -0.000133560865685
0.74 0 -0.00010751658083
0.75 0 -0.000106045654739
0.76 0 -0.000111841484053
0.77 0 -2.47101111486e-05
0.78 0 -1.2295725314e-05
0.79 0 -6.51432595723e-06
0.8 0 -2.47578726377e-05
0.81 0 -1.70080824539e-05
0.82 0 -0.000133258197178
0.83 0 -0.000103047685371
0.84 0 -0.000103843289653
0.85 0 -0.000102896582664
0.86 0 -9.36555062184e-05
0.87 0 -1.02289621425e-05
0.88 0 -1.70754165819e-05
0.89 0 -1.48943897522e-05
0.9 0 -3.06308152259e-06
0.91 0 -1.14349315767e-05
0.92 0 -0.000116987364918
0.93 0 -0.000116208636856
0.94 0 -9.59973200443e-05
0.95 0 -9.9257405183e-05
0.96 0 -9.11229926524e-05
0.97 0 -1.32732325424e-05
0.98 0 -2.84225505131e-05
0.99 0 -6.00143458745e-06
1.0 0 -2.3472888254e-05
