0.0 0 0.0
0.01 0 0.0786971904266
0.02 0 0.0844409171076
0.03 0 0.0863934626039
0.04 0 0.0849222717285
0.05 0 0.0858674609375
0.06 0 0.0865812445747
0.07 0 0.0842182118941
0.08 0 0.0849321517944
0.09 0 0.0855468870563
0.1 0 0.0850381304529
0.11 0 0.0854498711971
0.12 0 0.0859054005735
0.13 0 0.0854531775829
0.14 0 0.0850030406595
0.15 0 0.0853623860547
0.16 0 0.0850522717982
0.17 0 0.0853810781709
0.18 0 0.0856192319896
0.19 0 0.0853690054939
0.2 0 0.0856139294085
0.21 0 0.0852972025817
0.22 0 0.0850669342141
0.23 0 0.0853097353883
0.24 0 0.0854885043259
0.25 0 0.0852918468912
0.26 0 0.0854802037785
0.27 0 0.0856530081335
0.28 0 0.0850967567901
0.29 0 0.0852532948664
0.3 0 0.0854008905666
0.31 0 0.0852730609079
0.32 0 0.0854101163442
0.33 0 0.0855562119744
0.34 0 0.0850647328211
0.35 0 0.0852412321975
0.36 0 0.0853817132049
0.37 0 0.0852345597062
0.38 0 0.0853618075999
0.39 0 0.0854832949235
0.4 0 0.0853734128688
0.41 0 0.085224097704
0.42 0 0.0853320392318
0.43 0 0.0852005874975
0.44 0 0.0853378766123
0.45 0 0.0854419154278
0.46 0 0.0853348817568
0.47 0 0.0854488041873
0.48 0 0.0853021344487
0.49 0 0.0851992818596
0.5 0 0.0853080311286
0.51 0 0.0854052128569
0.52 0 0.0853062719705
0.53 0 0.0854064978801
0.54 0 0.0854981268865
0.55 0 0.0851995089413
0.56 0 0.0852736921095
0.57 0 0.0853718741899
0.58 0 0.0854495305795
0.59 0 0.0853729476205
0.6 0 0.085463682515
0.61 0 0.0853511541089
0.62 0 0.0852742846141
0.63 0 0.0853506256036
0.64 0 0.0854271864236
0.65 0 0.08535667058
0.66 0 0.0854289416833
0.67 0 0.0854773756601
0.68 0 0.0852589223346
0.69 0 0.0853313547772
0.7 0 0.0854061879009
0.71 0 0.0853359708787
0.72 0 0.0853964887387
0.73 0 0.0854703641542
0.74 0 0.0854047090919
0.75 0 0.0853144720703
0.76 0 0.0853711735343
0.77 0 0.085320502193
0.78 0 0.0853827404286
0.79 0 0.0854354387339
0.8 0 0.0853764787617
0.81 0 0.085440418136
0.82 0 0.0853557964034
0.83 0 0.0852950636844
0.84 0 0.0853602678554
0.85 0 0.085412984183
0.86 0 0.0853236023353
0.87 0 0.0854113418499
0.88 0 0.0853468414514
0.89 0 0.0852940096885
0.9 0 0.0853464900773
0.91 0 0.0853929020352
0.92 0 0.0853469045608
0.93 0 0.0853934717178
0.94 0 0.0854472241797
0.95 0 0.0852793089211
0.96 0 0.0853289448102
0.97 0 0.0853742577868
0.98 0 0.0853276695989
0.99 0 0.0853760184736
1.0 0 0.085425608283
