0.0 0 0.0
0.01 0 0.161403581267
0.02 0 0.159834558824
0.03 0 0.15927193892
0.04 0 0.158935438983
0.05 0 0.159116442247
0.06 0 0.15755028122
0.07 0 0.159325003013
0.08 0 0.159194083438
0.09 0 0.159165300193
0.1 0 0.159107324835
0.11 0 0.158303885042
0.12 0 0.158334327188
0.13 0 0.158312402469
0.14 0 0.159152706868
0.15 0 0.159111771934
0.16 0 0.158559813478
0.17 0 0.158545209751
0.18 0 0.158568187381
0.19 0 0.158522888739
0.2 0 0.158554401987
0.21 0 0.158666256859
0.22 0 0.158672333588
0.23 0 0.158679275776
0.24 0 0.158672793569
0.25 0 0.158644488477
0.26 0 0.158344697531
0.27 0 0.158359449798
0.28 0 0.158756847196
0.29 0 0.158748109157
0.3 0 0.158748230928
0.31 0 0.158472812289
0.32 0 0.158466075001
0.33 0 0.158479834268
0.34 0 0.158793728782
0.35 0 0.158798820105
0.36 0 0.158552029093
0.37 0 0.158558858193
0.38 0 0.158570926509
0.39 0 0.158560248707
0.4 0 0.158556896266
0.41 0 0.158637118021
0.42 0 0.15863419486
0.43 0 0.158632505398
0.44 0 0.158629660558
0.45 0 0.158628704154
0.46 0 0.158446575354
0.47 0 0.158442993355
0.48 0 0.158685029816
0.49 0 0.158680623437
0.5 0 0.158667318816
0.51 0 0.158514694641
0.52 0 0.158513627293
0.53 0 0.158516962552
0.54 0 0.158515826244
0.55 0 0.158711788152
0.56 0 0.158561661224
0.57 0 0.158567677939
0.58 0 0.158565121463
0.59 0 0.158568895742
0.6 0 0.15856864645
0.61 0 0.158614167128
0.62 0 0.158592834663
0.63 0 0.158612137281
0.64 0 0.158608471993
0.65 0 0.158601981779
0.66 0 0.158482276958
0.67 0 0.158483599252
0.68 0 0.15864888357
0.69 0 0.158634981881
0.7 0 0.158644400978
0.71 0 0.158530283142
0.72 0 0.158527947025
0.73 0 0.158531467793
0.74 0 0.158529841365
0.75 0 0.158677187432
0.76 0 0.158675627307
0.77 0 0.158565420464
0.78 0 0.158567125895
0.79 0 0.158567630366
0.8 0 0.158565371037
0.81 0 0.158567023837
0.82 0 0.158599282508
0.83 0 0.158592883176
0.84 0 0.158602697122
0.85 0 0.158602152421
0.86 0 0.158595810211
0.87 0 0.158505547381
0.88 0 0.158623772215
0.89 0 0.158625052644
0.9 0 0.158618632022
0.91 0 0.158625312619
0.92 0 0.15853817822
0.93 0 0.158537430052
0.94 0 0.158537504587
0.95 0 0.158648531704
0.96 0 0.158652984793
0.97 0 0.158565001683
0.98 0 0.158557005472
0.99 0 0.158569162636
1.0 0 0.158567579485
