0.0 0 0.0
0.01 0 0.221928626543
0.02 0 0.224992493901
0.03 0 0.22196996997
0.04 0 0.223394425676
0.05 0 0.223146414225
0.06 0 0.221957957958
0.07 0 0.222851902923
0.08 0 0.221994547042
0.09 0 0.221923590257
0.1 0 0.222590810811
0.11 0 0.221984885621
0.12 0 0.222407882843
0.13 0 0.222452342875
0.14 0 0.221990384651
0.15 0 0.222379472142
0.16 0 0.221973836287
0.17 0 0.221990118418
0.18 0 0.222330005912
0.19 0 0.221992779035
0.2 0 0.222278022174
0.21 0 0.222282474012
0.22 0 0.221993970919
0.23 0 0.222254359141
0.24 0 0.221993894551
0.25 0 0.221994144268
0.26 0 0.222224158933
0.27 0 0.221987580727
0.28 0 0.222209005661
0.29 0 0.222202957707
0.3 0 0.221996296323
0.31 0 0.222187056333
0.32 0 0.221988386247
0.33 0 0.221988676564
0.34 0 0.222171420288
0.35 0 0.221997653788
0.36 0 0.222159244012
0.37 0 0.222157257233
0.38 0 0.221999032242
0.39 0 0.222135387468
0.4 0 0.221997021846
0.41 0 0.221997089184
0.42 0 0.222129381502
0.43 0 0.221991647744
0.44 0 0.222127981928
0.45 0 0.222126186431
0.46 0 0.221995441425
0.47 0 0.222124836267
0.48 0 0.221994261577
0.49 0 0.221996983018
0.5 0 0.222118364731
0.51 0 0.221996830149
0.52 0 0.222108951784
0.53 0 0.222109061833
0.54 0 0.22198661335
0.55 0 0.222097707554
0.56 0 0.221996973908
0.57 0 0.221998403613
0.58 0 0.22210244879
0.59 0 0.221998167782
0.6 0 0.222097731055
0.61 0 0.222095874594
0.62 0 0.221998130643
0.63 0 0.22208973081
0.64 0 0.221995808694
0.65 0 0.22199781221
0.66 0 0.222089461686
0.67 0 0.221993775675
0.68 0 0.222077634895
0.69 0 0.222081126633
0.7 0 0.221993926162
0.71 0 0.222076078551
0.72 0 0.221996022914
0.73 0 0.221991270161
0.74 0 0.222080727101
0.75 0 0.221998405554
0.76 0 0.2220749016
0.77 0 0.221993397934
0.78 0 0.221998803607
0.79 0 0.222070560024
0.8 0 0.221998762598
0.81 0 0.222069455441
0.82 0 0.222072388923
0.83 0 0.221993576444
0.84 0 0.22207012434
0.85 0 0.221995022256
0.86 0 0.221997752154
0.87 0 0.222066546437
0.88 0 0.221995961414
0.89 0 0.222063644286
0.9 0 0.222058085715
0.91 0 0.221996793149
0.92 0 0.222061996489
0.93 0 0.221997325049
0.94 0 0.221993276663
0.95 0 0.222058182848
0.96 0 0.221998196912
0.97 0 0.222058425253
0.98 0 0.222060088289
0.99 0 0.22199631113
1.0 0 0.222058974948
