0.0 0 0.0
0.01 0 0.286083795014
0.02 0 0.281750986193
0.03 0 0.280205113473
0.04 0 0.278504969776
0.05 0 0.278282254116
0.06 0 0.278192321387
0.07 0 0.27748202846
0.08 0 0.277491477728
0.09 0 0.2774823373
0.1 0 0.27749598893
0.11 0 0.278245476651
0.12 0 0.278192815432
0.13 0 0.278138056594
0.14 0 0.27777126082
0.15 0 0.277769938205
0.16 0 0.277736485154
0.17 0 0.277495370739
0.18 0 0.277478250063
0.19 0 0.277496139727
0.2 0 0.277484280144
0.21 0 0.277893685586
0.22 0 0.277872150879
0.23 0 0.277858807511
0.24 0 0.27766394441
0.25 0 0.277661580725
0.26 0 0.277659047015
0.27 0 0.277652272435
0.28 0 0.277490626914
0.29 0 0.277496125666
0.3 0 0.277489670839
0.31 0 0.277768993384
0.32 0 0.277762155936
0.33 0 0.277745931137
0.34 0 0.277620192092
0.35 0 0.277618837467
0.36 0 0.277612860819
0.37 0 0.277607549069
0.38 0 0.277498241613
0.39 0 0.277492767423
0.4 0 0.277498989859
0.41 0 0.27769952191
0.42 0 0.277695625911
0.43 0 0.277694068359
0.44 0 0.277590520016
0.45 0 0.27759268194
0.46 0 0.277588699597
0.47 0 0.277587139049
0.48 0 0.277491759557
0.49 0 0.277494184956
0.5 0 0.277494672355
0.51 0 0.277659213633
0.52 0 0.277660829152
0.53 0 0.277657238929
0.54 0 0.277646007345
0.55 0 0.277573725521
0.56 0 0.277567404273
0.57 0 0.27757206723
0.58 0 0.277498550634
0.59 0 0.277492850056
0.6 0 0.277497014636
0.61 0 0.277637132606
0.62 0 0.277633334446
0.63 0 0.27763199168
0.64 0 0.277630980621
0.65 0 0.277562678909
0.66 0 0.277561869258
0.67 0 0.277557723059
0.68 0 0.277499165225
0.69 0 0.277499053166
0.7 0 0.277497599618
0.71 0 0.2776163311
0.72 0 0.277616587011
0.73 0 0.277614152848
0.74 0 0.277610964659
0.75 0 0.27755458521
0.76 0 0.277554827265
0.77 0 0.277553812061
0.78 0 0.277498385863
0.79 0 0.277497462589
0.8 0 0.277498799997
0.81 0 0.277498588852
0.82 0 0.277601767842
0.83 0 0.277599701087
0.84 0 0.27759941955
0.85 0 0.277547978469
0.86 0 0.27754815351
0.87 0 0.277547459539
0.88 0 0.277499472659
0.89 0 0.277496663063
0.9 0 0.277496462277
0.91 0 0.277498125618
0.92 0 0.277589811201
0.93 0 0.277584914728
0.94 0 0.277588139282
0.95 0 0.277542491436
0.96 0 0.277541289381
0.97 0 0.277542361221
0.98 0 0.277497950234
0.99 0 0.277496873406
1.0 0 0.277497106131
