0.0 0 0.0
0.01 0 0.330160618679
0.02 0 0.331587458267
0.03 0 0.326643104
0.04 0 0.328261070673
0.05 0 0.326607222222
0.06 0 0.327234845479
0.07 0 0.328066681033
0.08 0 0.327035218254
0.09 0 0.327376158279
0.1 0 0.326634699546
0.11 0 0.327232032758
0.12 0 0.326382078294
0.13 0 0.326886391539
0.14 0 0.327328494493
0.15 0 0.326653880071
0.16 0 0.327044067106
0.17 0 0.326624036383
0.18 0 0.326831520674
0.19 0 0.32646855973
0.2 0 0.326791700894
0.21 0 0.326954593893
0.22 0 0.326639156757
0.23 0 0.326912219586
0.24 0 0.326506071717
0.25 0 0.326763850929
0.26 0 0.326499643644
0.27 0 0.326639811368
0.28 0 0.326863371445
0.29 0 0.326530183497
0.3 0 0.326748953382
0.31 0 0.326528575066
0.32 0 0.326644821382
0.33 0 0.326436870375
0.34 0 0.326634187002
0.35 0 0.326733322827
0.36 0 0.326544907591
0.37 0 0.326717176772
0.38 0 0.326469573982
0.39 0 0.326636401695
0.4 0 0.32646378256
0.41 0 0.326560545035
0.42 0 0.326711151017
0.43 0 0.326556479014
0.44 0 0.326635535135
0.45 0 0.326490674487
0.46 0 0.326630636113
0.47 0 0.326429573888
0.48 0 0.32656604653
0.49 0 0.326695902579
0.5 0 0.326503160917
0.51 0 0.326632906363
0.52 0 0.326505022827
0.53 0 0.326575521778
0.54 0 0.326450209164
0.55 0 0.326571174371
0.56 0 0.326636775889
0.57 0 0.326516092956
0.58 0 0.326580024765
0.59 0 0.326469257867
0.6 0 0.326575289895
0.61 0 0.326637471739
0.62 0 0.326529565118
0.63 0 0.326631092132
0.64 0 0.326483374602
0.65 0 0.326584485567
0.66 0 0.326482922896
0.67 0 0.32653827292
0.68 0 0.326630769536
0.69 0 0.326537625028
0.7 0 0.326589966916
0.71 0 0.326495803543
0.72 0 0.32658644395
0.73 0 0.326457183995
0.74 0 0.326543935987
0.75 0 0.326630367866
0.76 0 0.326505048279
0.77 0 0.326590052293
0.78 0 0.326503389493
0.79 0 0.32655187153
0.8 0 0.326469871419
0.81 0 0.326547561644
0.82 0 0.326593506961
0.83 0 0.326514740246
0.84 0 0.326558699269
0.85 0 0.326480912866
0.86 0 0.326553457377
0.87 0 0.326448694198
0.88 0 0.326523195735
0.89 0 0.32659507163
0.9 0 0.326489377378
0.91 0 0.326560845115
0.92 0 0.326488802034
0.93 0 0.326529828648
0.94 0 0.326459292994
0.95 0 0.326528318963
0.96 0 0.326566162258
0.97 0 0.326497672319
0.98 0 0.326564480098
0.99 0 0.326470292828
1.0 0 0.326534922864
