0.0 0 0.0
0.01 0 0.38197647377
0.02 0 0.375840973657
0.03 0 0.373353018825
0.04 0 0.372493121389
0.05 0 0.371980105105
0.06 0 0.371384963819
0.07 0 0.371176704128
0.08 0 0.370824407856
0.09 0 0.370726934375
0.1 0 0.370649006439
0.11 0 0.370452053563
0.12 0 0.370411578224
0.13 0 0.370243540547
0.14 0 0.370235748939
0.15 0 0.370220105821
0.16 0 0.370101888966
0.17 0 0.370089296029
0.18 0 0.369995790219
0.19 0 0.369998552498
0.2 0 0.369994686861
0.21 0 0.370551889366
0.22 0 0.370527084609
0.23 0 0.370431984685
0.24 0 0.370410410442
0.25 0 0.370395949931
0.26 0 0.370316337591
0.27 0 0.37030483685
0.28 0 0.370235010138
0.29 0 0.370228735733
0.3 0 0.370218250531
0.31 0 0.370158052405
0.32 0 0.370153785165
0.33 0 0.370099222831
0.34 0 0.370096874569
0.35 0 0.370094011638
0.36 0 0.370043578809
0.37 0 0.370042968382
0.38 0 0.370042909042
0.39 0 0.369998037896
0.4 0 0.369998910573
0.41 0 0.3702819082
0.42 0 0.37027610598
0.43 0 0.370267383512
0.44 0 0.370225421811
0.45 0 0.37021905092
0.46 0 0.370179826021
0.47 0 0.370173667304
0.48 0 0.370172516607
0.49 0 0.370135224056
0.5 0 0.37013264193
0.51 0 0.37009438964
0.52 0 0.370094889199
0.53 0 0.370093805595
0.54 0 0.370060582121
0.55 0 0.370059995169
0.56 0 0.370025730317
0.57 0 0.370028996105
0.58 0 0.370027471314
0.59 0 0.369999708024
0.6 0 0.369998653591
0.61 0 0.370187145368
0.62 0 0.37018645316
0.63 0 0.370183904234
0.64 0 0.370155279286
0.65 0 0.370152833693
0.66 0 0.370125406979
0.67 0 0.370123653902
0.68 0 0.370120805581
0.69 0 0.370095656733
0.7 0 0.370093669113
0.71 0 0.370069561115
0.72 0 0.370068766688
0.73 0 0.370066642308
0.74 0 0.370044466962
0.75 0 0.370043043487
0.76 0 0.370043297922
0.77 0 0.370021363633
0.78 0 0.370021022266
0.79 0 0.369998768993
0.8 0 0.369999918439
0.81 0 0.36999972161
0.82 0 0.3701413976
0.83 0 0.370139815826
0.84 0 0.370118372877
0.85 0 0.370115228478
0.86 0 0.37011505461
0.87 0 0.370094342993
0.88 0 0.370092721522
0.89 0 0.370074203464
0.9 0 0.370072252311
0.91 0 0.370072727266
0.92 0 0.37005307997
0.93 0 0.370052600319
0.94 0 0.370034884238
0.95 0 0.370034033724
0.96 0 0.370033537752
0.97 0 0.370016710504
0.98 0 0.370016516301
0.99 0 0.369999334125
1.0 0 0.36999985552
