0.0 0 0.0
0.01 0 0.414991020794
0.02 0 0.415350560758
0.03 0 0.410693392857
0.04 0 0.411941233664
0.05 0 0.409838720871
0.06 0 0.41079507605
0.07 0 0.409477752268
0.08 0 0.410253500444
0.09 0 0.409351362831
0.1 0 0.409912668609
0.11 0 0.409218153385
0.12 0 0.409692567727
0.13 0 0.409118832051
0.14 0 0.409533946563
0.15 0 0.409045654645
0.16 0 0.409411195193
0.17 0 0.408986254721
0.18 0 0.409358548642
0.19 0 0.408946649253
0.2 0 0.40928279029
0.21 0 0.409550201811
0.22 0 0.409216319228
0.23 0 0.409466460477
0.24 0 0.409164471968
0.25 0 0.409395122602
0.26 0 0.409118101111
0.27 0 0.409360783079
0.28 0 0.409080205283
0.29 0 0.409306802676
0.3 0 0.409044612444
0.31 0 0.409259591945
0.32 0 0.409017123663
0.33 0 0.409216246169
0.34 0 0.408990963752
0.35 0 0.40918091518
0.36 0 0.408988286782
0.37 0 0.409148618061
0.38 0 0.40896609161
0.39 0 0.409119200962
0.4 0 0.408946704376
0.41 0 0.409092536778
0.42 0 0.40924813867
0.43 0 0.409068497011
0.44 0 0.409218378328
0.45 0 0.409063182419
0.46 0 0.409190057686
0.47 0 0.40904166653
0.48 0 0.409164232064
0.49 0 0.409023231883
0.5 0 0.409140278316
0.51 0 0.409004702539
0.52 0 0.409117066646
0.53 0 0.408989170401
0.54 0 0.409111395123
0.55 0 0.408973659104
0.56 0 0.409092731262
0.57 0 0.408959901704
0.58 0 0.409075763303
0.59 0 0.408947197727
0.6 0 0.40905878972
0.61 0 0.409154388505
0.62 0 0.409043323909
0.63 0 0.409147894601
0.64 0 0.40902866398
0.65 0 0.409130583011
0.66 0 0.409015012137
0.67 0 0.409114102998
0.68 0 0.409002088191
0.69 0 0.409098135598
0.7 0 0.408989637863
0.71 0 0.409083188539
0.72 0 0.408988412643
0.73 0 0.409069677197
0.74 0 0.408977431918
0.75 0 0.409056673881
0.76 0 0.40896611768
0.77 0 0.409044026663
0.78 0 0.408956407742
0.79 0 0.409032143871
0.8 0 0.408947120058
0.81 0 0.409030154673
0.82 0 0.409101895731
0.83 0 0.409018804294
0.84 0 0.40908917737
0.85 0 0.409007824388
0.86 0 0.409077310239
0.87 0 0.408998013985
0.88 0 0.409065719613
0.89 0 0.408989213511
0.9 0 0.409062870467
0.91 0 0.408979740485
0.92 0 0.409052430749
0.93 0 0.408971191064
0.94 0 0.40904186539
0.95 0 0.408962741672
0.96 0 0.409032091417
0.97 0 0.408954569044
0.98 0 0.409023247566
0.99 0 0.408954704042
1.0 0 0.409014178266
