0.0 0 0.0
0.01 0 0.221286265432
0.02 0 0.224686995684
0.03 0 0.221795795796
0.04 0 0.223381756757
0.05 0 0.22318138587
0.06 0 0.221989489489
0.07 0 0.222836734694
0.08 0 0.221973364396
0.09 0 0.22197664331
0.1 0 0.222597702703
0.11 0 0.221946543998
0.12 0 0.222490001262
0.13 0 0.222443147289
0.14 0 0.221995879136
0.15 0 0.22239664743
0.16 0 0.221983169234
0.17 0 0.221974923154
0.18 0 0.222315202219
0.19 0 0.22198377144
0.2 0 0.222274225158
0.21 0 0.222280701291
0.22 0 0.221995137838
0.23 0 0.22225585926
0.24 0 0.221992426447
0.25 0 0.221988719105
0.26 0 0.222224855697
0.27 0 0.221990971152
0.28 0 0.222210513737
0.29 0 0.222199723959
0.3 0 0.221989262324
0.31 0 0.222184146692
0.32 0 0.22198231721
0.33 0 0.221995418763
0.34 0 0.222171350482
0.35 0 0.221995088304
0.36 0 0.222162104683
0.37 0 0.22215442678
0.38 0 0.221995654394
0.39 0 0.222143224621
0.4 0 0.221997651033
0.41 0 0.22199159542
0.42 0 0.222126630163
0.43 0 0.221998612799
0.44 0 0.22213310176
0.45 0 0.222124791739
0.46 0 0.221986546489
0.47 0 0.222120566385
0.48 0 0.221998246431
0.49 0 0.221992398772
0.5 0 0.222116848613
0.51 0 0.221995735673
0.52 0 0.222110143762
0.53 0 0.222107573278
0.54 0 0.22199517233
0.55 0 0.222099666057
0.56 0 0.221995702692
0.57 0 0.221995425895
0.58 0 0.222099021313
0.59 0 0.221997577615
0.6 0 0.222095381033
0.61 0 0.222097117279
0.62 0 0.221999535281
0.63 0 0.222093927476
0.64 0 0.221994891129
0.65 0 0.221987976697
0.66 0 0.222087490648
0.67 0 0.221993027919
0.68 0 0.222082141866
0.69 0 0.222079684143
0.7 0 0.22199850895
0.71 0 0.222079124038
0.72 0 0.221999225815
0.73 0 0.221989966862
0.74 0 0.222080229059
0.75 0 0.221999209938
0.76 0 0.222071898097
0.77 0 0.22199433268
0.78 0 0.221990706984
0.79 0 0.222074427182
0.8 0 0.221998336848
0.81 0 0.222063806445
0.82 0 0.222072237085
0.83 0 0.221999337376
0.84 0 0.222068021618
0.85 0 0.221999145611
0.86 0 0.221992964132
0.87 0 0.222066092207
0.88 0 0.22199713139
0.89 0 0.222061734364
0.9 0 0.222066201728
0.91 0 0.221995935503
0.92 0 0.222064463213
0.93 0 0.22199482698
0.94 0 0.221997826769
0.95 0 0.222061457968
0.96 0 0.221999648995
0.97 0 0.222056168251
0.98 0 0.222054382111
0.99 0 0.221997159036
1.0 0 0.222058095526
