0.0 0 0.0
0.01 0 0.38197647377
0.02 0 0.375833806818
0.03 0 0.373350895317
0.04 0 0.372501978997
0.05 0 0.371989114114
0.06 0 0.371387316977
0.07 0 0.371187415349
0.08 0 0.370827490577
0.09 0 0.37073606875
0.1 0 0.370660497412
0.11 0 0.37044253746
0.12 0 0.370410864579
0.13 0 0.3702488012
0.14 0 0.370232603078
0.15 0 0.370216540347
0.16 0 0.370103348693
0.17 0 0.370089877131
0.18 0 0.369994175508
0.19 0 0.369994158297
0.2 0 0.369998718322
0.21 0 0.370550680571
0.22 0 0.370522876734
0.23 0 0.370432320557
0.24 0 0.370413573185
0.25 0 0.370396621969
0.26 0 0.370317194425
0.27 0 0.370305899624
0.28 0 0.370236606901
0.29 0 0.370228791232
0.3 0 0.370220416764
0.31 0 0.370159898131
0.32 0 0.370155306617
0.33 0 0.370100105841
0.34 0 0.370095776932
0.35 0 0.370094171483
0.36 0 0.370044622742
0.37 0 0.370044385221
0.38 0 0.370041689155
0.39 0 0.369998945369
0.4 0 0.369997960966
0.41 0 0.370283241284
0.42 0 0.370276465727
0.43 0 0.370269688934
0.44 0 0.370225368784
0.45 0 0.370220359182
0.46 0 0.370177775025
0.47 0 0.370169372392
0.48 0 0.37017192976
0.49 0 0.370134738352
0.5 0 0.370130560483
0.51 0 0.370096685352
0.52 0 0.370095206508
0.53 0 0.370092129606
0.54 0 0.370060614105
0.55 0 0.370059656143
0.56 0 0.370028823547
0.57 0 0.37002893584
0.58 0 0.370027318926
0.59 0 0.36999941069
0.6 0 0.369997462536
0.61 0 0.37018950782
0.62 0 0.370187021038
0.63 0 0.370183488353
0.64 0 0.370154636996
0.65 0 0.37015167041
0.66 0 0.370125370569
0.67 0 0.370122908023
0.68 0 0.370121247169
0.69 0 0.370095586207
0.7 0 0.370093752842
0.71 0 0.370069403837
0.72 0 0.370067561517
0.73 0 0.370068047017
0.74 0 0.370043489479
0.75 0 0.37004228607
0.76 0 0.370042892906
0.77 0 0.370021052283
0.78 0 0.370020394141
0.79 0 0.369999496542
0.8 0 0.369999557238
0.81 0 0.369999606561
0.82 0 0.370141684732
0.83 0 0.370139028062
0.84 0 0.370117830901
0.85 0 0.370116988933
0.86 0 0.370115518479
0.87 0 0.370094841973
0.88 0 0.370093877291
0.89 0 0.370074198755
0.9 0 0.370073163954
0.91 0 0.370071958445
0.92 0 0.370053493074
0.93 0 0.370052739357
0.94 0 0.370034933836
0.95 0 0.370032829301
0.96 0 0.370034202196
0.97 0 0.370016981003
0.98 0 0.370015444847
0.99 0 0.369999487276
1.0 0 0.369998295135
