0.0 0 0.0
0.01 0 0.077830905307
0.02 0 0.0844968505921
0.03 0 0.0862499722992
0.04 0 0.0847280578613
0.05 0 0.0859563476563
0.06 0 0.0865852593316
0.07 0 0.0841643813776
0.08 0 0.0849245300293
0.09 0 0.0854282286844
0.1 0 0.0850408235557
0.11 0 0.0854546220578
0.12 0 0.0858454916512
0.13 0 0.0854953183306
0.14 0 0.0850221278664
0.15 0 0.0853519110827
0.16 0 0.0850445691835
0.17 0 0.0853655640757
0.18 0 0.0856125315789
0.19 0 0.085340263473
0.2 0 0.0856117368769
0.21 0 0.0853049401685
0.22 0 0.0850889558647
0.23 0 0.0853065849876
0.24 0 0.0855138996133
0.25 0 0.0852844344818
0.26 0 0.0854740891349
0.27 0 0.0856712767313
0.28 0 0.0850774345679
0.29 0 0.0852710148465
0.3 0 0.0854316278129
0.31 0 0.0852526627022
0.32 0 0.0854312224404
0.33 0 0.0855754725194
0.34 0 0.0850988478624
0.35 0 0.085244550321
0.36 0 0.0853811604087
0.37 0 0.0852416142928
0.38 0 0.0853754105046
0.39 0 0.085504035889
0.4 0 0.0853824374279
0.41 0 0.0852227451811
0.42 0 0.0853343231824
0.43 0 0.0852271378149
0.44 0 0.0853424595138
0.45 0 0.0854353417623
0.46 0 0.0853299239865
0.47 0 0.0854350393064
0.48 0 0.0853096639056
0.49 0 0.0852173366278
0.5 0 0.0853081813801
0.51 0 0.0854143541791
0.52 0 0.0853004356309
0.53 0 0.0854124990325
0.54 0 0.0854933135996
0.55 0 0.0852032156086
0.56 0 0.0852878768073
0.57 0 0.0853748750331
0.58 0 0.0854593703685
0.59 0 0.0853822787505
0.6 0 0.0854563866144
0.61 0 0.0853499033031
0.62 0 0.0852777044775
0.63 0 0.085351725325
0.64 0 0.0854239017001
0.65 0 0.0853552319716
0.66 0 0.0854318272231
0.67 0 0.0854934336055
0.68 0 0.0852603457183
0.69 0 0.0853250052143
0.7 0 0.0853946760618
0.71 0 0.0853355204944
0.72 0 0.0854041351968
0.73 0 0.0854692165248
0.74 0 0.0853913362136
0.75 0 0.0853124973357
0.76 0 0.0853816575581
0.77 0 0.0853179060844
0.78 0 0.0853498552282
0.79 0 0.0854418884099
0.8 0 0.0853802790169
0.81 0 0.08543497811
0.82 0 0.0853530827671
0.83 0 0.0853036819145
0.84 0 0.0853623735824
0.85 0 0.0854108754854
0.86 0 0.085354405509
0.87 0 0.0854165345251
0.88 0 0.0853343516588
0.89 0 0.085291680478
0.9 0 0.0853484259384
0.91 0 0.0853937571441
0.92 0 0.0853474197635
0.93 0 0.0853931493341
0.94 0 0.085446564663
0.95 0 0.0852682693024
0.96 0 0.0853209594867
0.97 0 0.0853810481899
0.98 0 0.0853258868537
0.99 0 0.0853768610219
1.0 0 0.0854226051201
