0.0 0 0.0
0.01 0 0.161250688705
0.02 0 0.159866565744
0.03 0 0.159442831558
0.04 0 0.158973324932
0.05 0 0.159084917638
0.06 0 0.157564960676
0.07 0 0.159291558341
0.08 0 0.159248726633
0.09 0 0.159167977999
0.1 0 0.159076727422
0.11 0 0.158292610803
0.12 0 0.158300705472
0.13 0 0.15832857284
0.14 0 0.159142677242
0.15 0 0.159100233516
0.16 0 0.15856132586
0.17 0 0.158558158638
0.18 0 0.158501599984
0.19 0 0.158559849087
0.2 0 0.158561913716
0.21 0 0.158698793912
0.22 0 0.158686421318
0.23 0 0.158674195412
0.24 0 0.158669900269
0.25 0 0.158645179184
0.26 0 0.158335082099
0.27 0 0.158338753753
0.28 0 0.158757379167
0.29 0 0.158755413605
0.3 0 0.158746997048
0.31 0 0.158470932288
0.32 0 0.158470083427
0.33 0 0.158484733809
0.34 0 0.15880777743
0.35 0 0.158800860346
0.36 0 0.158569045343
0.37 0 0.158560323798
0.38 0 0.158569431004
0.39 0 0.158560137212
0.4 0 0.158542884004
0.41 0 0.158627820066
0.42 0 0.158625934197
0.43 0 0.158633256372
0.44 0 0.158625940766
0.45 0 0.158621244725
0.46 0 0.158448186491
0.47 0 0.158444864027
0.48 0 0.158680964462
0.49 0 0.158679884673
0.5 0 0.158677013385
0.51 0 0.15851225665
0.52 0 0.158515241394
0.53 0 0.15850718266
0.54 0 0.158517845018
0.55 0 0.158718670166
0.56 0 0.15856315708
0.57 0 0.15855464093
0.58 0 0.158567972496
0.59 0 0.158565061073
0.6 0 0.158547536567
0.61 0 0.158610770346
0.62 0 0.158608546951
0.63 0 0.15861328743
0.64 0 0.158611795534
0.65 0 0.158608000704
0.66 0 0.158483767353
0.67 0 0.158484914538
0.68 0 0.158643479699
0.69 0 0.158649624219
0.7 0 0.158647634988
0.71 0 0.158524298702
0.72 0 0.158528181991
0.73 0 0.158512550812
0.74 0 0.158532672325
0.75 0 0.158678790859
0.76 0 0.158673022834
0.77 0 0.158562281163
0.78 0 0.158561292701
0.79 0 0.158568430508
0.8 0 0.158571019279
0.81 0 0.158555483714
0.82 0 0.15860364511
0.83 0 0.158596688091
0.84 0 0.158589943021
0.85 0 0.15860293525
0.86 0 0.158600659993
0.87 0 0.158502940656
0.88 0 0.158629218484
0.89 0 0.158625107142
0.9 0 0.15862847961
0.91 0 0.158626948353
0.92 0 0.158534894219
0.93 0 0.15853912122
0.94 0 0.158534520674
0.95 0 0.158652274174
0.96 0 0.158640109368
0.97 0 0.158569480185
0.98 0 0.158565653554
0.99 0 0.158570992996
1.0 0 0.158570095721
