0.0 0 0.0
0.01 0 0.286135041551
0.02 0 0.2816445595
0.03 0 0.280303432922
0.04 0 0.278440423547
0.05 0 0.278329923471
0.06 0 0.278175194502
0.07 0 0.277480085591
0.08 0 0.277471468915
0.09 0 0.277474600745
0.1 0 0.277468265356
0.11 0 0.278258245025
0.12 0 0.278187792644
0.13 0 0.278143798544
0.14 0 0.27778983287
0.15 0 0.277761415502
0.16 0 0.277761601891
0.17 0 0.277493813997
0.18 0 0.277476790336
0.19 0 0.277495649014
0.2 0 0.277492862654
0.21 0 0.27789529685
0.22 0 0.277867335844
0.23 0 0.277853780944
0.24 0 0.277672530899
0.25 0 0.277660521551
0.26 0 0.277652599871
0.27 0 0.277649115607
0.28 0 0.277495539496
0.29 0 0.277493823526
0.3 0 0.277496880279
0.31 0 0.277770014956
0.32 0 0.277760159064
0.33 0 0.277750443236
0.34 0 0.27761531405
0.35 0 0.277616204564
0.36 0 0.277606775008
0.37 0 0.277612117555
0.38 0 0.277491494313
0.39 0 0.27749745463
0.4 0 0.277498134557
0.41 0 0.277703262858
0.42 0 0.27769221021
0.43 0 0.277693027385
0.44 0 0.277591411117
0.45 0 0.277589427487
0.46 0 0.27758889486
0.47 0 0.277586882648
0.48 0 0.277497980886
0.49 0 0.277493639335
0.5 0 0.2774969799
0.51 0 0.277657105746
0.52 0 0.277654827543
0.53 0 0.277655561927
0.54 0 0.277649989805
0.55 0 0.277573452276
0.56 0 0.277573204473
0.57 0 0.277571086674
0.58 0 0.277496476602
0.59 0 0.27749785739
0.6 0 0.277497348892
0.61 0 0.277634967488
0.62 0 0.277628763295
0.63 0 0.277630010823
0.64 0 0.277629162646
0.65 0 0.277563265738
0.66 0 0.277561874677
0.67 0 0.277562170371
0.68 0 0.277495915475
0.69 0 0.277499727352
0.7 0 0.277498430241
0.71 0 0.277614384126
0.72 0 0.277616359249
0.73 0 0.277614044312
0.74 0 0.277611315915
0.75 0 0.277552224168
0.76 0 0.277553258028
0.77 0 0.277554472747
0.78 0 0.277498849539
0.79 0 0.277498844741
0.8 0 0.277499277417
0.81 0 0.277499031071
0.82 0 0.277600772305
0.83 0 0.277599032895
0.84 0 0.277599464703
0.85 0 0.27754757165
0.86 0 0.277541673578
0.87 0 0.277547677773
0.88 0 0.27749820765
0.89 0 0.277499456258
0.9 0 0.277499133411
0.91 0 0.277497137152
0.92 0 0.277591147358
0.93 0 0.277585491952
0.94 0 0.277589294423
0.95 0 0.277543573045
0.96 0 0.277543321518
0.97 0 0.277542447744
0.98 0 0.277497193246
0.99 0 0.27749848787
1.0 0 0.277497804529
