0.0 0 0.0
0.01 0 -0.0079993622449
0.02 0 -0.00429503567182
0.03 0 -0.00257767303719
0.04 0 -0.0019637316863
0.05 0 -0.00164358108108
0.06 0 -0.000125187525934
0.07 0 -2.02921888492e-05
0.08 0 -2.89839591234e-05
0.09 0 -3.86665544474e-05
0.1 0 -8.89251663662e-05
0.11 0 -0.000728965680473
0.12 0 -0.000713723467566
0.13 0 -0.00066586270872
0.14 0 -0.000610239512266
0.15 0 -0.000535311198081
0.16 0 -4.42993466147e-05
0.17 0 -3.74346497859e-05
0.18 0 -4.93063445972e-06
0.19 0 -3.81520044263e-05
0.2 0 -3.04631613554e-05
0.21 0 -0.00040310532356
0.22 0 -0.000349847331477
0.23 0 -0.000358128155073
0.24 0 -0.000322782200795
0.25 0 -0.000331650816254
0.26 0 -5.64235979685e-05
0.27 0 -1.53397516525e-05
0.28 0 -3.0567176542e-05
0.29 0 -1.7269172194e-05
0.3 0 -1.23973240322e-05
0.31 0 -0.000245071699972
0.32 0 -0.000241592558747
0.33 0 -0.000247357427322
0.34 0 -0.000228160627691
0.35 0 -0.000233271978961
0.36 0 -3.86503352551e-05
0.37 0 -8.62389308597e-06
0.38 0 -1.3245608244e-05
0.39 0 -1.45962158567e-05
0.4 0 -1.346199084e-05
0.41 0 -0.000184805323212
0.42 0 -0.000181911812825
0.43 0 -0.000192933687759
0.44 0 -0.000188553712515
0.45 0 -0.00018204646097
0.46 0 -1.03857558803e-05
0.47 0 -1.9013116481e-05
0.48 0 -4.85589412127e-06
0.49 0 -9.10570257791e-06
0.5 0 -1.65266582775e-06
0.51 0 -0.000153322887039
0.52 0 -0.000157271628734
0.53 0 -0.000143015742854
0.54 0 -0.000146553814218
0.55 0 -0.000156605813426
0.56 0 -1.02136161758e-05
0.57 0 -6.92732871701e-06
0.58 0 -5.04100113178e-06
0.59 0 -1.40610665437e-05
0.6 0 -6.83367532414e-06
0.61 0 -0.000144053905558
0.62 0 -0.000141640625
0.63 0 -0.000123499099202
0.64 0 -0.000146923822715
0.65 0 -0.000138070820693
0.66 0 -1.63901064211e-05
0.67 0 -9.58641052689e-06
0.68 0 -1.44410664315e-05
0.69 0 -1.37436847981e-05
0.7 0 -6.80977761306e-06
0.71 0 -0.000135787684463
0.72 0 -0.0001209629828
0.73 0 -0.000113669743897
0.74 0 -0.000102281030801
0.75 0 -0.000113860408922
0.76 0 -0.000100296345795
0.77 0 -2.31878550178e-06
0.78 0 -3.39417202848e-05
0.79 0 -1.37614295505e-05
0.8 0 -3.80035802753e-05
0.81 0 -2.60138653092e-06
0.82 0 -9.47053148055e-05
0.83 0 -9.23888408669e-05
0.84 0 -9.25797696348e-05
0.85 0 -9.89007116468e-05
0.86 0 -0.00010590202296
0.87 0 -1.66314217758e-05
0.88 0 -1.43117026953e-05
0.89 0 -4.9391957482e-06
0.9 0 -8.54452157608e-06
0.91 0 -2.822017547e-05
0.92 0 -0.000130208097999
0.93 0 -8.45822203268e-05
0.94 0 -9.17485581245e-05
0.95 0 -8.93495647987e-05
0.96 0 -0.000100240754381
0.97 0 -1.69445047261e-05
0.98 0 -1.75166802471e-05
0.99 0 -1.30773057522e-05
1.0 0 -2.05975013887e-05
