0.0 0 0.0
0.01 0 0.382026500811
0.02 0 0.375874418905
0.03 0 0.373346648301
0.04 0 0.372495483418
0.05 0 0.371992492492
0.06 0 0.37138914721
0.07 0 0.371183972457
0.08 0 0.370827343781
0.09 0 0.370735375
0.1 0 0.370658068426
0.11 0 0.370452208296
0.12 0 0.370413913788
0.13 0 0.370251846841
0.14 0 0.370235367623
0.15 0 0.370217037855
0.16 0 0.370100283266
0.17 0 0.370091588154
0.18 0 0.369997174256
0.19 0 0.369999276249
0.2 0 0.369998392076
0.21 0 0.370550044363
0.22 0 0.370526138802
0.23 0 0.370429580547
0.24 0 0.370413475869
0.25 0 0.370392858556
0.26 0 0.370316724548
0.27 0 0.370306027669
0.28 0 0.370236678398
0.29 0 0.370229190829
0.3 0 0.370220789895
0.31 0 0.370157323829
0.32 0 0.370154586888
0.33 0 0.370095879397
0.34 0 0.370091233036
0.35 0 0.370094087755
0.36 0 0.370044874726
0.37 0 0.370044174058
0.38 0 0.370042515322
0.39 0 0.36999957079
0.4 0 0.369994745119
0.41 0 0.370283591218
0.42 0 0.370276031914
0.43 0 0.370269855408
0.44 0 0.370225219345
0.45 0 0.370219216756
0.46 0 0.370178873301
0.47 0 0.370176336315
0.48 0 0.370172751345
0.49 0 0.370134003966
0.5 0 0.370130150161
0.51 0 0.370096771441
0.52 0 0.370094847811
0.53 0 0.370093238082
0.54 0 0.370059360307
0.55 0 0.370059619159
0.56 0 0.370027859887
0.57 0 0.370028502505
0.58 0 0.370027917394
0.59 0 0.369999191038
0.6 0 0.369999290546
0.61 0 0.370190189972
0.62 0 0.370187125391
0.63 0 0.370184407052
0.64 0 0.370155233733
0.65 0 0.370150354819
0.66 0 0.370124079083
0.67 0 0.370122176687
0.68 0 0.370121896445
0.69 0 0.37009514542
0.7 0 0.370093450278
0.71 0 0.370069934881
0.72 0 0.370068628183
0.73 0 0.370066955438
0.74 0 0.370044218334
0.75 0 0.37004319265
0.76 0 0.370042131284
0.77 0 0.370020520786
0.78 0 0.370021098867
0.79 0 0.369997935375
0.8 0 0.369998176521
0.81 0 0.369997892188
0.82 0 0.370140432173
0.83 0 0.37013890895
0.84 0 0.370118153443
0.85 0 0.370116556563
0.86 0 0.370115291586
0.87 0 0.370093370905
0.88 0 0.370094252915
0.89 0 0.370073511184
0.9 0 0.370073518482
0.91 0 0.370072262371
0.92 0 0.370053961258
0.93 0 0.370052988331
0.94 0 0.370034453686
0.95 0 0.370034186601
0.96 0 0.370033524604
0.97 0 0.370016291379
0.98 0 0.370016164973
0.99 0 0.369999570035
1.0 0 0.3699992776
