0.0 0 0.0
0.01 0 0.414982277883
0.02 0 0.415346282807
0.03 0 0.410689617347
0.04 0 0.411943349824
0.05 0 0.409837707283
0.06 0 0.410814756652
0.07 0 0.409480331648
0.08 0 0.410249948444
0.09 0 0.409359117304
0.1 0 0.409916621583
0.11 0 0.409217599677
0.12 0 0.409691225325
0.13 0 0.409118485164
0.14 0 0.409533003667
0.15 0 0.409045840752
0.16 0 0.409413491288
0.17 0 0.408988659949
0.18 0 0.409360952529
0.19 0 0.408947113232
0.2 0 0.409279293798
0.21 0 0.409551248411
0.22 0 0.409217305519
0.23 0 0.409465397805
0.24 0 0.409164660983
0.25 0 0.409394357516
0.26 0 0.409117902891
0.27 0 0.409360461412
0.28 0 0.409080312104
0.29 0 0.409305318907
0.3 0 0.409046538655
0.31 0 0.409259853386
0.32 0 0.409017025521
0.33 0 0.409217845769
0.34 0 0.408989645223
0.35 0 0.409180498148
0.36 0 0.408988183511
0.37 0 0.409147828906
0.38 0 0.408966543484
0.39 0 0.409118033661
0.4 0 0.4089465266
0.41 0 0.4090906984
0.42 0 0.409248907787
0.43 0 0.409067727016
0.44 0 0.40921820962
0.45 0 0.409062748579
0.46 0 0.409190049771
0.47 0 0.409042090764
0.48 0 0.409163915827
0.49 0 0.409023075057
0.5 0 0.409140640109
0.51 0 0.409004371171
0.52 0 0.40911935238
0.53 0 0.408989247856
0.54 0 0.40911216996
0.55 0 0.408973703367
0.56 0 0.409093323673
0.57 0 0.408959953219
0.58 0 0.409075051815
0.59 0 0.408945978831
0.6 0 0.409058324781
0.61 0 0.409155151491
0.62 0 0.409043171506
0.63 0 0.409147974729
0.64 0 0.409028498475
0.65 0 0.409130684038
0.66 0 0.409014900699
0.67 0 0.409113657395
0.68 0 0.409001664643
0.69 0 0.409098430936
0.7 0 0.40898974035
0.71 0 0.409083651776
0.72 0 0.408988265805
0.73 0 0.40906971018
0.74 0 0.408977280684
0.75 0 0.409056388182
0.76 0 0.408966786801
0.77 0 0.409043960311
0.78 0 0.408956713
0.79 0 0.409032019141
0.8 0 0.408947066463
0.81 0 0.409030039913
0.82 0 0.40910166294
0.83 0 0.40901903868
0.84 0 0.409089166693
0.85 0 0.409008626873
0.86 0 0.409077064642
0.87 0 0.408998010669
0.88 0 0.409065758527
0.89 0 0.408988630442
0.9 0 0.409063111145
0.91 0 0.408979828388
0.92 0 0.40905224589
0.93 0 0.408971004353
0.94 0 0.409042518785
0.95 0 0.40896277783
0.96 0 0.409032343819
0.97 0 0.408954936328
0.98 0 0.409023137787
0.99 0 0.408954700628
1.0 0 0.409014330558
