0.0 0 0.0
0.01 0 -0.120085798817
0.02 0 -0.109491812033
0.03 0 -0.10549046875
0.04 0 -0.105098208162
0.05 0 -0.103700493827
0.06 0 -0.102852499619
0.07 0 -0.102429229305
0.08 0 -0.102335577311
0.09 0 -0.101946696117
0.1 0 -0.101636517749
0.11 0 -0.101762726368
0.12 0 -0.101523354285
0.13 0 -0.10134951729
0.14 0 -0.101080720222
0.15 0 -0.101241001057
0.16 0 -0.101093639847
0.17 0 -0.10093725989
0.18 0 -0.101038277801
0.19 0 -0.100936568658
0.2 0 -0.10082236193
0.21 0 -0.101679052016
0.22 0 -0.10176163997
0.23 0 -0.10160443904
0.24 0 -0.101477137359
0.25 0 -0.101383142714
0.26 0 -0.101424616234
0.27 0 -0.101331964748
0.28 0 -0.101247713345
0.29 0 -0.101320086391
0.3 0 -0.101230609922
0.31 0 -0.101125284071
0.32 0 -0.101072913199
0.33 0 -0.101214686435
0.34 0 -0.101070572973
0.35 0 -0.10103023213
0.36 0 -0.101051838817
0.37 0 -0.100986656463
0.38 0 -0.100934561467
0.39 0 -0.100893374113
0.4 0 -0.100920260287
0.41 0 -0.101362172978
0.42 0 -0.101301800234
0.43 0 -0.10122706158
0.44 0 -0.101264836416
0.45 0 -0.101221317789
0.46 0 -0.101192334701
0.47 0 -0.101215636177
0.48 0 -0.101157765197
0.49 0 -0.101125890531
0.5 0 -0.101059420686
0.51 0 -0.101099657989
0.52 0 -0.101044348662
0.53 0 -0.101001837581
0.54 0 -0.101042575547
0.55 0 -0.101010007099
0.56 0 -0.10096380958
0.57 0 -0.100914920222
0.58 0 -0.100957437328
0.59 0 -0.100936777402
0.6 0 -0.100887173007
0.61 0 -0.101183982667
0.62 0 -0.101235390828
0.63 0 -0.101184256157
0.64 0 -0.101145665523
0.65 0 -0.101176143468
0.66 0 -0.101143149557
0.67 0 -0.101095513866
0.68 0 -0.101044805405
0.69 0 -0.101079629639
0.7 0 -0.101060771419
0.71 0 -0.101005836511
0.72 0 -0.10104616592
0.73 0 -0.1010341514
0.74 0 -0.100983865178
0.75 0 -0.100965890331
0.76 0 -0.100983922835
0.77 0 -0.100956497245
0.78 0 -0.100954491984
0.79 0 -0.100892840671
0.8 0 -0.1009196168
0.81 0 -0.10091185576
0.82 0 -0.101101285099
0.83 0 -0.101128218815
0.84 0 -0.101135985599
0.85 0 -0.101076103338
0.86 0 -0.101047955475
0.87 0 -0.101087204392
0.88 0 -0.101068446006
0.89 0 -0.10102660233
0.9 0 -0.101061932528
0.91 0 -0.101018281798
0.92 0 -0.101012385933
0.93 0 -0.100974709259
0.94 0 -0.101013185959
0.95 0 -0.100974384947
0.96 0 -0.10096391713
0.97 0 -0.10092541803
0.98 0 -0.100977174995
0.99 0 -0.100954590615
1.0 0 -0.100903314747
