0.0 0 0.0
0.01 0 0.221971450617
0.02 0 0.224989022331
0.03 0 0.221960960961
0.04 0 0.223438344595
0.05 0 0.223137124882
0.06 0 0.221947447447
0.07 0 0.222846111418
0.08 0 0.221993288667
0.09 0 0.221958958959
0.1 0 0.222575540541
0.11 0 0.221966770593
0.12 0 0.222473745739
0.13 0 0.222451943067
0.14 0 0.221975343498
0.15 0 0.222382165131
0.16 0 0.221971738995
0.17 0 0.221977300328
0.18 0 0.222312332964
0.19 0 0.221984888084
0.2 0 0.222290858102
0.21 0 0.222276575128
0.22 0 0.221990275675
0.23 0 0.222250011339
0.24 0 0.221995316049
0.25 0 0.221997847157
0.26 0 0.222220874189
0.27 0 0.221992334692
0.28 0 0.222200591281
0.29 0 0.222201725041
0.3 0 0.221995131457
0.31 0 0.22217729225
0.32 0 0.221981176807
0.33 0 0.221994566726
0.34 0 0.222166999241
0.35 0 0.221996403937
0.36 0 0.222162021765
0.37 0 0.222154977146
0.38 0 0.221994342337
0.39 0 0.222146829534
0.4 0 0.221996090648
0.41 0 0.221998464625
0.42 0 0.222138092804
0.43 0 0.221992758957
0.44 0 0.222130784655
0.45 0 0.222125296484
0.46 0 0.221988559119
0.47 0 0.222120317004
0.48 0 0.221990801046
0.49 0 0.221994671304
0.5 0 0.222117300223
0.51 0 0.221997950438
0.52 0 0.222109046149
0.53 0 0.222105409846
0.54 0 0.221997908624
0.55 0 0.222106878323
0.56 0 0.221997389086
0.57 0 0.221996939568
0.58 0 0.222099249013
0.59 0 0.221998233356
0.6 0 0.222099476785
0.61 0 0.222095007605
0.62 0 0.221994273128
0.63 0 0.222092580481
0.64 0 0.221999390475
0.65 0 0.221996638817
0.66 0 0.222088551739
0.67 0 0.221999024926
0.68 0 0.222087142513
0.69 0 0.222082614288
0.7 0 0.221999279143
0.71 0 0.222082513241
0.72 0 0.221998653591
0.73 0 0.221998147147
0.74 0 0.222075378661
0.75 0 0.221998849517
0.76 0 0.222077665659
0.77 0 0.221997811382
0.78 0 0.221993978302
0.79 0 0.222072085798
0.8 0 0.221999014273
0.81 0 0.22207209273
0.82 0 0.222069144378
0.83 0 0.221997174103
0.84 0 0.222067359403
0.85 0 0.221996749608
0.86 0 0.221997436221
0.87 0 0.222063336665
0.88 0 0.221997432984
0.89 0 0.222063310431
0.9 0 0.222064559952
0.91 0 0.221995202694
0.92 0 0.222062399413
0.93 0 0.221991283135
0.94 0 0.22199958815
0.95 0 0.222061297262
0.96 0 0.2219977993
0.97 0 0.222060008864
0.98 0 0.222057738686
0.99 0 0.221998663076
1.0 0 0.222059403246
