0.0 0 0.0
0.01 0 0.285968490305
0.02 0 0.281708415516
0.03 0 0.280264902327
0.04 0 0.278553004179
0.05 0 0.278282254116
0.06 0 0.278183757945
0.07 0 0.27746599979
0.08 0 0.277470357315
0.09 0 0.277496204709
0.1 0 0.277466967656
0.11 0 0.278255102041
0.12 0 0.278193474158
0.13 0 0.278142117973
0.14 0 0.277788018011
0.15 0 0.277757311979
0.16 0 0.277742856679
0.17 0 0.277499344529
0.18 0 0.277477082281
0.19 0 0.277493293593
0.2 0 0.277496401834
0.21 0 0.277886327479
0.22 0 0.277867091426
0.23 0 0.277850206497
0.24 0 0.277672202229
0.25 0 0.277661429414
0.26 0 0.277652722175
0.27 0 0.27764451797
0.28 0 0.277494153123
0.29 0 0.277499410427
0.3 0 0.27749632974
0.31 0 0.277766273296
0.32 0 0.277760182149
0.33 0 0.277754445556
0.34 0 0.277622155581
0.35 0 0.277618239518
0.36 0 0.277610810957
0.37 0 0.277609393703
0.38 0 0.277499198503
0.39 0 0.277497982328
0.4 0 0.277488645132
0.41 0 0.277703283953
0.42 0 0.27769255178
0.43 0 0.277684801768
0.44 0 0.277590104982
0.45 0 0.277587951901
0.46 0 0.277589145912
0.47 0 0.277586818548
0.48 0 0.27749954903
0.49 0 0.277495949623
0.5 0 0.277495573666
0.51 0 0.277664228951
0.52 0 0.277659518757
0.53 0 0.277654881039
0.54 0 0.277648767546
0.55 0 0.27757189868
0.56 0 0.2775700616
0.57 0 0.27757348722
0.58 0 0.277489928136
0.59 0 0.277495999557
0.6 0 0.277494707616
0.61 0 0.27763546591
0.62 0 0.277631270055
0.63 0 0.277630159536
0.64 0 0.277631262969
0.65 0 0.277555164706
0.66 0 0.277558138244
0.67 0 0.27755988889
0.68 0 0.277498787407
0.69 0 0.277496539843
0.7 0 0.277498675817
0.71 0 0.277616816086
0.72 0 0.277613566882
0.73 0 0.277613860466
0.74 0 0.277612923505
0.75 0 0.277555139268
0.76 0 0.277554185676
0.77 0 0.277551595182
0.78 0 0.277497768921
0.79 0 0.277494155636
0.8 0 0.277497474648
0.81 0 0.277493875436
0.82 0 0.277602120758
0.83 0 0.277598823871
0.84 0 0.277597693684
0.85 0 0.277547963765
0.86 0 0.277547666837
0.87 0 0.277545549997
0.88 0 0.277499699751
0.89 0 0.277498727793
0.9 0 0.277499644626
0.91 0 0.277499270757
0.92 0 0.277590444411
0.93 0 0.27758953798
0.94 0 0.277587537006
0.95 0 0.277542122616
0.96 0 0.277541690174
0.97 0 0.277541627656
0.98 0 0.27749509924
0.99 0 0.277499281257
1.0 0 0.277498558374
