0.0 0 0.0
0.01 0 0.330149613325
0.02 0 0.331646537959
0.03 0 0.326774528
0.04 0 0.328334701854
0.05 0 0.326634909297
0.06 0 0.327243948509
0.07 0 0.328060431688
0.08 0 0.327042100694
0.09 0 0.327400629006
0.1 0 0.326655045351
0.11 0 0.327221111861
0.12 0 0.326378072641
0.13 0 0.326879379168
0.14 0 0.327336306631
0.15 0 0.326650757118
0.16 0 0.327040462018
0.17 0 0.326627618954
0.18 0 0.326829643277
0.19 0 0.326465314121
0.2 0 0.32679075926
0.21 0 0.326956972018
0.22 0 0.326633275676
0.23 0 0.326909311306
0.24 0 0.326503927487
0.25 0 0.326766513881
0.26 0 0.326500524717
0.27 0 0.326639351821
0.28 0 0.326867070566
0.29 0 0.326530457394
0.3 0 0.326745684133
0.31 0 0.326528205157
0.32 0 0.326644637305
0.33 0 0.326440903504
0.34 0 0.326631328182
0.35 0 0.326733510919
0.36 0 0.326546416842
0.37 0 0.326717581747
0.38 0 0.326458511382
0.39 0 0.326631077855
0.4 0 0.326468576577
0.41 0 0.326560190244
0.42 0 0.326713713577
0.43 0 0.326555303148
0.44 0 0.326637437838
0.45 0 0.326490292453
0.46 0 0.326629554047
0.47 0 0.326426715012
0.48 0 0.326565710691
0.49 0 0.326697061083
0.5 0 0.326502838822
0.51 0 0.326631113067
0.52 0 0.326505192859
0.53 0 0.326574985594
0.54 0 0.326449707419
0.55 0 0.326572010475
0.56 0 0.326635915273
0.57 0 0.326518666688
0.58 0 0.326579925248
0.59 0 0.32646959121
0.6 0 0.326577038089
0.61 0 0.326638000372
0.62 0 0.326529546079
0.63 0 0.32663013058
0.64 0 0.326481689735
0.65 0 0.326583995518
0.66 0 0.326480653495
0.67 0 0.326537567037
0.68 0 0.326633300406
0.69 0 0.326537049881
0.7 0 0.326588965836
0.71 0 0.326494833151
0.72 0 0.326586056805
0.73 0 0.326456887792
0.74 0 0.326545675116
0.75 0 0.326629879069
0.76 0 0.326506089048
0.77 0 0.326590500195
0.78 0 0.326504694786
0.79 0 0.326551633627
0.8 0 0.326470545781
0.81 0 0.326550169125
0.82 0 0.326594990619
0.83 0 0.326513100226
0.84 0 0.326558382095
0.85 0 0.326480490431
0.86 0 0.326556204834
0.87 0 0.326447952574
0.88 0 0.326522464094
0.89 0 0.326594176823
0.9 0 0.326489004378
0.91 0 0.326562088667
0.92 0 0.326489935395
0.93 0 0.32653001723
0.94 0 0.326459734146
0.95 0 0.32652907976
0.96 0 0.326565400948
0.97 0 0.326499260773
0.98 0 0.326564235232
0.99 0 0.326470224575
1.0 0 0.326534430544
