0.0 0 0.400294221939
0.01 300 0.462884807079
0.02 600 0.454514967687
0.03 900 0.43894196216
0.04 1200 0.464917977458
0.05 1500 0.467906392613
0.06 1800 0.445281735949
0.07 2100 0.461731687079
0.08 2400 0.455093462287
0.09 2700 0.459475052654
0.1 3000 0.455175744596
0.11 3300 0.465001856675
0.12 3600 0.456776517111
0.13 3900 0.441015237568
0.14 4200 0.44913079004
0.15 4500 0.463060601457
0.16 4800 0.460637937015
0.17 5100 0.439786829612
0.18 5400 0.452133672038
0.19 5700 0.46285247042
0.2 6000 0.461793193429
0.21 6300 0.463517751298
0.22 6600 0.433633301974
0.23 6900 0.430036537787
0.24 7200 0.460135780943
0.25 7500 0.449371865279
0.26 7800 0.458278600615
0.27 8100 0.461528290084
0.28 8400 0.46321893454
0.29 8700 0.445995994915
0.3 9000 0.463775321878
0.31 9300 0.466479705208
0.32 9600 0.448844273734
0.33 9900 0.450677563001
0.34 10200 0.464510577162
0.35 10500 0.4637298803
0.36 10800 0.459615240369
0.37 11100 0.459107039238
0.38 11400 0.447935658456
0.39 11700 0.452878300479
0.4 12000 0.449339385069
0.41 12300 0.436366709996
0.42 12600 0.454327701071
0.43 12900 0.451052621686
0.44 13200 0.446390351491
0.45 13500 0.451437693197
0.46 13800 0.444675702478
0.47 14100 0.439496649475
0.48 14400 0.438621385692
0.49 14700 0.454375998477
0.5 15000 0.464427346613
0.51 15300 0.456006550534
0.52 15600 0.459584454934
0.53 15900 0.455055158983
0.54 16200 0.458611935454
0.55 16500 0.454216005351
0.56 16800 0.463948469507
0.57 17094 0.436449835019
0.58 17400 0.426539053153
0.59 17700 0.450095505547
0.6 18000 0.437240943719
0.61 18300 0.437280473648
0.62 18600 0.452648238893
0.63 18900 0.439029916006
0.64 19200 0.444778356744
0.65 19500 0.454720080667
0.66 19800 0.455548620663
0.67 20100 0.453366630564
0.68 20400 0.460556285528
0.69 20694 0.455649628882
0.7 21000 0.441860757529
0.71 21300 0.43988719381
0.72 21600 0.45745945868
0.73 21900 0.447917519281
0.74 22200 0.449804722191
0.75 22500 0.458462255905
0.76 22800 0.453017238153
0.77 23100 0.46158973125
0.78 23400 0.450752334391
0.79 23700 0.456522137112
0.8 24000 0.450804252616
0.81 24300 0.463149745327
0.82 24600 0.458239869814
0.83 24900 0.410073085155
0.84 25200 0.424389734328
0.85 25500 0.448144228847
0.86 25800 0.456754498896
0.87 26100 0.457998666985
0.88 26400 0.457325402962
0.89 26700 0.458083764131
0.9 27000 0.453313566738
0.91 27300 0.443998807776
0.92 27600 0.454491419441
0.93 27900 0.465047862956
0.94 28200 0.450766295425
0.95 28500 0.43554722743
0.96 28800 0.448988813955
0.97 29100 0.441730000379
0.98 29400 0.452062930541
0.99 29700 0.447633704009
1.0 30000 0.431549936323
