0.0 0 0.403528940038
0.01 300 0.445274284175
0.02 600 0.442322774903
0.03 900 0.466947209754
0.04 1200 0.455032381973
0.05 1500 0.463363373438
0.06 1800 0.467186436063
0.07 2100 0.457067427514
0.08 2400 0.46562115076
0.09 2700 0.464874640487
0.1 3000 0.465419332179
0.11 3300 0.454391497755
0.12 3600 0.45998679283
0.13 3900 0.462201029855
0.14 4200 0.465633393356
0.15 4500 0.451643904725
0.16 4800 0.450487388492
0.17 5100 0.450645832426
0.18 5400 0.453907536356
0.19 5700 0.458870073972
0.2 6000 0.442977378897
0.21 6300 0.459548608664
0.22 6600 0.456651821697
0.23 6900 0.454743566945
0.24 7200 0.437749263118
0.25 7500 0.45736262257
0.26 7800 0.463034816425
0.27 8100 0.456906969066
0.28 8400 0.456625099501
0.29 8700 0.460126683489
0.3 9000 0.440690558079
0.31 9300 0.453105329241
0.32 9600 0.417913991766
0.33 9900 0.431192350742
0.34 10200 0.461550537399
0.35 10500 0.449682383872
0.36 10800 0.46056166927
0.37 11100 0.453831420519
0.38 11400 0.448532188215
0.39 11700 0.44261699733
0.4 12000 0.448813208391
0.41 12300 0.445815352068
0.42 12600 0.444354409856
0.43 12900 0.453461521956
0.44 13200 0.448800098391
0.45 13500 0.458403980055
0.46 13800 0.465541628635
0.47 14100 0.463826104777
0.48 14400 0.454338878709
0.49 14700 0.460564004894
0.5 15000 0.448740671249
0.51 15300 0.451831563066
0.52 15600 0.46307758684
0.53 15900 0.45521879554
0.54 16200 0.452736022785
0.55 16500 0.458956676518
0.56 16800 0.457619796893
0.57 17094 0.456845714249
0.58 17400 0.461190000751
0.59 17700 0.456261291542
0.6 18000 0.442284136101
0.61 18300 0.443811775188
0.62 18600 0.460864258412
0.63 18900 0.44554149536
0.64 19200 0.440374443367
0.65 19500 0.445089933182
0.66 19800 0.460089447557
0.67 20100 0.443349018398
0.68 20400 0.443299999485
0.69 20694 0.461962320035
0.7 21000 0.460421786174
0.71 21300 0.449194347302
0.72 21600 0.422562298727
0.73 21900 0.448294211106
0.74 22200 0.453058030193
0.75 22500 0.437055777373
0.76 22800 0.463065773936
0.77 23100 0.459864389427
0.78 23400 0.460644311847
0.79 23700 0.443977545306
0.8 24000 0.436368942966
0.81 24300 0.456802104459
0.82 24600 0.454813865552
0.83 24900 0.463309002671
0.84 25200 0.459116240545
0.85 25500 0.443440746032
0.86 25800 0.4472732205
0.87 26100 0.434128593068
0.88 26400 0.44549416238
0.89 26700 0.457728890954
0.9 27000 0.461511212024
0.91 27300 0.441352428426
0.92 27600 0.45655987672
0.93 27900 0.452632913658
0.94 28200 0.460188727921
0.95 28500 0.430010317187
0.96 28800 0.458154011021
0.97 29100 0.447493135654
0.98 29400 0.447242090646
0.99 29700 0.463910455316
1.0 30000 0.449818687574
