0.0 0 0.402846000804
0.01 300 0.450275635565
0.02 600 0.457884110572
0.03 900 0.467597196183
0.04 1200 0.454451277696
0.05 1500 0.462023154211
0.06 1800 0.464359953671
0.07 2100 0.46010692375
0.08 2400 0.461586871951
0.09 2700 0.439969644896
0.1 3000 0.46118361104
0.11 3300 0.427857278776
0.12 3600 0.465546501498
0.13 3900 0.455954430548
0.14 4200 0.45853291403
0.15 4500 0.464675990243
0.16 4800 0.45954414178
0.17 5100 0.422064779489
0.18 5400 0.454200863626
0.19 5700 0.446376700023
0.2 6000 0.448792976965
0.21 6300 0.428874745302
0.22 6600 0.464051824501
0.23 6900 0.458354711166
0.24 7200 0.440550796437
0.25 7500 0.435221224481
0.26 7800 0.455016888867
0.27 8100 0.457913894227
0.28 8400 0.460323894161
0.29 8700 0.459390562538
0.3 9000 0.456552578319
0.31 9300 0.445915834393
0.32 9600 0.450446478473
0.33 9900 0.450803321468
0.34 10200 0.436129638154
0.35 10500 0.418399300163
0.36 10800 0.446122642947
0.37 11100 0.431655222372
0.38 11400 0.437904065003
0.39 11700 0.46260006487
0.4 12000 0.434792637604
0.41 12300 0.460223988447
0.42 12600 0.457522353001
0.43 12900 0.455729147834
0.44 13200 0.462489353077
0.45 13500 0.463746779034
0.46 13800 0.459668157407
0.47 14100 0.449616191654
0.48 14400 0.455414172807
0.49 14700 0.448342400535
0.5 15000 0.441864794432
0.51 15300 0.432014545423
0.52 15600 0.444306500927
0.53 15900 0.452702814644
0.54 16200 0.456591264193
0.55 16500 0.449255927956
0.56 16800 0.452058670527
0.57 17094 0.465367387724
0.58 17400 0.432070832161
0.59 17700 0.43548026299
0.6 18000 0.455347412695
0.61 18300 0.456434124369
0.62 18600 0.440197661466
0.63 18900 0.422084111434
0.64 19200 0.439782512102
0.65 19500 0.456790458251
0.66 19800 0.45397708693
0.67 20100 0.457089084954
0.68 20400 0.437811156139
0.69 20694 0.449042432094
0.7 21000 0.454385009886
0.71 21300 0.455180234252
0.72 21600 0.452113548836
0.73 21900 0.423665510759
0.74 22200 0.453515729757
0.75 22500 0.448644461083
0.76 22800 0.454739764465
0.77 23100 0.448062878523
0.78 23400 0.450253308092
0.79 23700 0.451158778503
0.8 24000 0.463881352099
0.81 24300 0.421501192707
0.82 24600 0.426982807109
0.83 24900 0.462638062585
0.84 25200 0.460491043791
0.85 25500 0.456126748048
0.86 25800 0.46384236945
0.87 26100 0.451708877493
0.88 26400 0.450854485213
0.89 26700 0.425239145151
0.9 27000 0.458188820633
0.91 27300 0.442015361487
0.92 27600 0.441163822973
0.93 27900 0.4638571535
0.94 28200 0.450899483823
0.95 28500 0.448587531756
0.96 28800 0.438523776391
0.97 29100 0.46521402922
0.98 29400 0.453823142649
0.99 29700 0.451614383547
1.0 30000 0.459655645463
