0.0 0 0.391541482948
0.01 300 0.462376589443
0.02 600 0.46181933284
0.03 900 0.448415175044
0.04 1200 0.466665503854
0.05 1500 0.462533942149
0.06 1800 0.455849896255
0.07 2100 0.452407501871
0.08 2400 0.439928726963
0.09 2700 0.444211802092
0.1 3000 0.462684626858
0.11 3300 0.458126571106
0.12 3600 0.405110682178
0.13 3900 0.460447416813
0.14 4200 0.457685702142
0.15 4500 0.460552814181
0.16 4800 0.431302262058
0.17 5100 0.463187578136
0.18 5400 0.450679825669
0.19 5700 0.457184291322
0.2 6000 0.454869774094
0.21 6300 0.445853691344
0.22 6600 0.436431929747
0.23 6900 0.457360618123
0.24 7200 0.443884816221
0.25 7500 0.442349302406
0.26 7800 0.444586570997
0.27 8100 0.4401097143
0.28 8400 0.455288628161
0.29 8700 0.464252007259
0.3 9000 0.452756169301
0.31 9300 0.432100464885
0.32 9600 0.459130701328
0.33 9900 0.465296721657
0.34 10200 0.454527156784
0.35 10500 0.451743435251
0.36 10800 0.449477381378
0.37 11100 0.450429985704
0.38 11400 0.427194739453
0.39 11700 0.456347831436
0.4 12000 0.465309023365
0.41 12300 0.449913850564
0.42 12600 0.452095858941
0.43 12900 0.449359840272
0.44 13200 0.462015321122
0.45 13500 0.464566223161
0.46 13800 0.449458051745
0.47 14100 0.464898390892
0.48 14400 0.458855969255
0.49 14700 0.45163903637
0.5 15000 0.457544608861
0.51 15300 0.457898584919
0.52 15600 0.436612130828
0.53 15900 0.459421579362
0.54 16200 0.464079422604
0.55 16500 0.423011293452
0.56 16800 0.463912520688
0.57 17094 0.463862691525
0.58 17400 0.456932300942
0.59 17700 0.455586024328
0.6 18000 0.437298373576
0.61 18300 0.434833686754
0.62 18600 0.461165351544
0.63 18900 0.452134518332
0.64 19200 0.432932787361
0.65 19500 0.460966480241
0.66 19800 0.410831789808
0.67 20100 0.449924744105
0.68 20400 0.441094063477
0.69 20694 0.455469224228
0.7 21000 0.45816823331
0.71 21300 0.454612132709
0.72 21600 0.464909237233
0.73 21900 0.431396962407
0.74 22200 0.452579930204
0.75 22500 0.459257391296
0.76 22800 0.457596409816
0.77 23100 0.446955019436
0.78 23400 0.435162334179
0.79 23700 0.458475713207
0.8 24000 0.448984342991
0.81 24300 0.44857791715
0.82 24600 0.443884783932
0.83 24900 0.439297334904
0.84 25200 0.440445977206
0.85 25500 0.453569607874
0.86 25800 0.444872768372
0.87 26100 0.458511103332
0.88 26400 0.453535486787
0.89 26700 0.451883683079
0.9 27000 0.456596117423
0.91 27300 0.434894818505
0.92 27600 0.460321205784
0.93 27900 0.458402950541
0.94 28200 0.458783900986
0.95 28500 0.465833838782
0.96 28800 0.462307691782
0.97 29100 0.45873834742
0.98 29400 0.446748343346
0.99 29700 0.450742895935
1.0 30000 0.455879579062
