0.0 0 0.413509983043
0.01 300 0.462166617174
0.02 600 0.414181013258
0.03 900 0.431137641237
0.04 1200 0.424650881839
0.05 1500 0.44276739614
0.06 1800 0.450780275215
0.07 2100 0.448154877604
0.08 2400 0.451371578731
0.09 2700 0.462777090059
0.1 3000 0.430557868172
0.11 3300 0.449391503855
0.12 3600 0.44792278118
0.13 3900 0.461439439646
0.14 4200 0.437228646738
0.15 4500 0.458316116284
0.16 4800 0.414067623834
0.17 5100 0.456012549859
0.18 5400 0.457694574232
0.19 5700 0.460115074409
0.2 6000 0.441229620933
0.21 6300 0.451539716457
0.22 6600 0.460290562042
0.23 6900 0.459936052969
0.24 7200 0.454138193101
0.25 7500 0.446191687686
0.26 7800 0.428035957413
0.27 8100 0.466057839549
0.28 8400 0.455417861773
0.29 8700 0.459093778878
0.3 9000 0.45653811571
0.31 9300 0.448279598608
0.32 9600 0.444264825476
0.33 9900 0.432736908618
0.34 10200 0.444567944919
0.35 10500 0.439923136643
0.36 10800 0.465856048504
0.37 11100 0.457954997025
0.38 11400 0.446218596
0.39 11700 0.455710320696
0.4 12000 0.44710413236
0.41 12300 0.465783390614
0.42 12600 0.396348863603
0.43 12900 0.458552842833
0.44 13200 0.448183336216
0.45 13500 0.448321274346
0.46 13800 0.44977799591
0.47 14100 0.459064892148
0.48 14400 0.454251983916
0.49 14700 0.458240173224
0.5 15000 0.458840596845
0.51 15300 0.450458156643
0.52 15600 0.456998391214
0.53 15900 0.451896616613
0.54 16200 0.44168412267
0.55 16500 0.448522630835
0.56 16800 0.442104214042
0.57 17094 0.446106602194
0.58 17400 0.44815786107
0.59 17700 0.42972437133
0.6 18000 0.452139979914
0.61 18300 0.454714709348
0.62 18600 0.456599252619
0.63 18900 0.455301965396
0.64 19200 0.437918650036
0.65 19500 0.45868742276
0.66 19800 0.437683938659
0.67 20100 0.452624259139
0.68 20400 0.464258689405
0.69 20694 0.435793047254
0.7 21000 0.438184935152
0.71 21300 0.440258696293
0.72 21600 0.452905109967
0.73 21900 0.435727248889
0.74 22200 0.44551070672
0.75 22500 0.451626485285
0.76 22800 0.454702432117
0.77 23100 0.46098240677
0.78 23400 0.448425304402
0.79 23700 0.432080852797
0.8 24000 0.453945378359
0.81 24300 0.46486144185
0.82 24600 0.450319200242
0.83 24900 0.439619804169
0.84 25200 0.439915308604
0.85 25500 0.459492767447
0.86 25800 0.454544451307
0.87 26100 0.461074014299
0.88 26400 0.458537422345
0.89 26700 0.454873301315
0.9 27000 0.455438658446
0.91 27300 0.439818119367
0.92 27600 0.452470734834
0.93 27900 0.448004600539
0.94 28200 0.460985248509
0.95 28500 0.454417835932
0.96 28800 0.421175669764
0.97 29100 0.462635543859
0.98 29400 0.458216096369
0.99 29700 0.461160981664
1.0 30000 0.455427137757
