0.0 0 0.0
0.01 0 -0.148047892012
0.02 0 -0.137235226059
0.03 0 -0.133739824219
0.04 0 -0.132816288366
0.05 0 -0.131380325789
0.06 0 -0.13056205466
0.07 0 -0.129969608214
0.08 0 -0.130105073637
0.09 0 -0.129668496792
0.1 0 -0.129456924606
0.11 0 -0.129566115032
0.12 0 -0.129306907251
0.13 0 -0.129099090455
0.14 0 -0.128858377337
0.15 0 -0.128970010408
0.16 0 -0.128881341326
0.17 0 -0.128670521015
0.18 0 -0.128815756195
0.19 0 -0.128676524053
0.2 0 -0.128633289166
0.21 0 -0.129454148584
0.22 0 -0.12953156372
0.23 0 -0.12938584464
0.24 0 -0.129247602057
0.25 0 -0.129167711765
0.26 0 -0.129195009393
0.27 0 -0.12907878845
0.28 0 -0.12900387473
0.29 0 -0.129113909109
0.3 0 -0.128970142381
0.31 0 -0.12887687531
0.32 0 -0.128814819907
0.33 0 -0.128886863625
0.34 0 -0.128794935135
0.35 0 -0.128743247092
0.36 0 -0.128847007692
0.37 0 -0.128752263944
0.38 0 -0.128693050932
0.39 0 -0.128618788981
0.4 0 -0.128667998332
0.41 0 -0.129125308874
0.42 0 -0.129044200442
0.43 0 -0.129006776682
0.44 0 -0.129020298065
0.45 0 -0.128969564324
0.46 0 -0.128925203003
0.47 0 -0.128955392899
0.48 0 -0.128914213378
0.49 0 -0.128856232403
0.5 0 -0.128811506136
0.51 0 -0.128841477699
0.52 0 -0.128800486147
0.53 0 -0.128758154416
0.54 0 -0.128811129911
0.55 0 -0.128756856705
0.56 0 -0.128708346385
0.57 0 -0.128681108484
0.58 0 -0.128729647425
0.59 0 -0.128694789271
0.6 0 -0.128654166271
0.61 0 -0.128920338462
0.62 0 -0.128957560896
0.63 0 -0.128907780208
0.64 0 -0.128898845412
0.65 0 -0.12891088598
0.66 0 -0.128898228199
0.67 0 -0.128858073053
0.68 0 -0.128800620946
0.69 0 -0.128833175545
0.7 0 -0.128831836116
0.71 0 -0.128789753083
0.72 0 -0.128832309568
0.73 0 -0.128779826484
0.74 0 -0.128730881764
0.75 0 -0.128701330347
0.76 0 -0.12875430271
0.77 0 -0.128703253693
0.78 0 -0.128670255957
0.79 0 -0.128664024121
0.8 0 -0.128669724535
0.81 0 -0.128655257416
0.82 0 -0.128855759696
0.83 0 -0.128884892467
0.84 0 -0.12885944524
0.85 0 -0.128840116305
0.86 0 -0.128800963719
0.87 0 -0.128849718661
0.88 0 -0.128798984565
0.89 0 -0.128779781676
0.9 0 -0.128813998272
0.91 0 -0.128808532035
0.92 0 -0.12879595398
0.93 0 -0.128743188434
0.94 0 -0.128768109371
0.95 0 -0.128714699787
0.96 0 -0.128715642758
0.97 0 -0.128672543663
0.98 0 -0.128710275888
0.99 0 -0.128699622721
1.0 0 -0.128707042028
