0.0 0 0.0
0.01 0 -0.0357847576531
0.02 0 -0.0319611697384
0.03 0 -0.030621812048
0.04 0 -0.029713399526
0.05 0 -0.0294662162162
0.06 0 -0.0278719397363
0.07 0 -0.0278189178861
0.08 0 -0.0277950815841
0.09 0 -0.027776567037
0.1 0 -0.0278213079164
0.11 0 -0.0284967650888
0.12 0 -0.0283810771672
0.13 0 -0.0283639104402
0.14 0 -0.0283374132675
0.15 0 -0.0282894101124
0.16 0 -0.0277752786234
0.17 0 -0.0277821362631
0.18 0 -0.0277884394858
0.19 0 -0.0277767965488
0.2 0 -0.0277974250077
0.21 0 -0.0281426272151
0.22 0 -0.0281153128117
0.23 0 -0.0281384063712
0.24 0 -0.02808185988
0.25 0 -0.028061464471
0.26 0 -0.0277545359842
0.27 0 -0.0277563975703
0.28 0 -0.0277581240108
0.29 0 -0.027773486199
0.3 0 -0.0277690766154
0.31 0 -0.0279997127946
0.32 0 -0.0280113538071
0.33 0 -0.0279897234154
0.34 0 -0.0279969816989
0.35 0 -0.0280171651362
0.36 0 -0.027766024562
0.37 0 -0.0277637069262
0.38 0 -0.0277682745048
0.39 0 -0.027769667987
0.4 0 -0.0277774466661
0.41 0 -0.0279464236864
0.42 0 -0.0279328248872
0.43 0 -0.0279415091259
0.44 0 -0.0279457706319
0.45 0 -0.0279221170309
0.46 0 -0.0278129313757
0.47 0 -0.0277954532316
0.48 0 -0.0277688131733
0.49 0 -0.0277515161606
0.5 0 -0.0277674190559
0.51 0 -0.0279116559601
0.52 0 -0.027914469875
0.53 0 -0.0279017486155
0.54 0 -0.0278939403816
0.55 0 -0.0278940837308
0.56 0 -0.0277826299921
0.57 0 -0.0277618174929
0.58 0 -0.0277666593234
0.59 0 -0.0277596658532
0.6 0 -0.0277780425372
0.61 0 -0.0278787986478
0.62 0 -0.0278773746529
0.63 0 -0.0278766204352
0.64 0 -0.0278705888677
0.65 0 -0.0278738999369
0.66 0 -0.0277762711713
0.67 0 -0.0277583939546
0.68 0 -0.027763411993
0.69 0 -0.0277525144245
0.7 0 -0.0277543764913
0.71 0 -0.0278693361637
0.72 0 -0.0278595406703
0.73 0 -0.0278629729243
0.74 0 -0.0278588522977
0.75 0 -0.0278526171412
0.76 0 -0.0278861964961
0.77 0 -0.0277562748814
0.78 0 -0.0277625000792
0.79 0 -0.0277740430057
0.8 0 -0.0277616211259
0.81 0 -0.0277682432617
0.82 0 -0.0278496786085
0.83 0 -0.0278625596681
0.84 0 -0.0278518932909
0.85 0 -0.0278445679794
0.86 0 -0.0278457244812
0.87 0 -0.0277879218876
0.88 0 -0.0277561116688
0.89 0 -0.0277525132959
0.9 0 -0.0277541505661
0.91 0 -0.0277863070472
0.92 0 -0.0278603676967
0.93 0 -0.027842099622
0.94 0 -0.0278495573503
0.95 0 -0.0278421920828
0.96 0 -0.0278489769907
0.97 0 -0.0277660060553
0.98 0 -0.0277527551414
0.99 0 -0.0277528934342
1.0 0 -0.0277776399446
