0.0 0 0.0
0.01 0 0.0506873048907
0.02 0 0.0567118921643
0.03 0 0.0586934279778
0.04 0 0.0571451721191
0.05 0 0.0580723852539
0.06 0 0.0589213884142
0.07 0 0.0564127222178
0.08 0 0.0572128152847
0.09 0 0.0577498530635
0.1 0 0.0572920578944
0.11 0 0.0577331086639
0.12 0 0.0581412970147
0.13 0 0.0576778851932
0.14 0 0.0572413635101
0.15 0 0.0576297976971
0.16 0 0.0573318043233
0.17 0 0.0576184031551
0.18 0 0.0578956460052
0.19 0 0.0576026956359
0.2 0 0.0578587445187
0.21 0 0.0575344355634
0.22 0 0.057313543065
0.23 0 0.0575470152219
0.24 0 0.0577498559571
0.25 0 0.0575654650024
0.26 0 0.0577511318744
0.27 0 0.057901338423
0.28 0 0.0573355340278
0.29 0 0.0575159751947
0.3 0 0.0576757725068
0.31 0 0.0575052915768
0.32 0 0.0576812006005
0.33 0 0.0578142686998
0.34 0 0.0573297404196
0.35 0 0.0574931836049
0.36 0 0.0576186188463
0.37 0 0.0574934612227
0.38 0 0.0576292324501
0.39 0 0.0577412345486
0.4 0 0.0576249248733
0.41 0 0.0574622191982
0.42 0 0.0575902538409
0.43 0 0.0574744271677
0.44 0 0.0575840594526
0.45 0 0.0576871795613
0.46 0 0.057587660473
0.47 0 0.0576929595752
0.48 0 0.0575636374619
0.49 0 0.0574682471869
0.5 0 0.0575629625988
0.51 0 0.057657425105
0.52 0 0.0575610408481
0.53 0 0.0576541551715
0.54 0 0.0577408716996
0.55 0 0.057446725985
0.56 0 0.0575261553247
0.57 0 0.0576219340691
0.58 0 0.0577123734987
0.59 0 0.0576268512117
0.6 0 0.0577134838519
0.61 0 0.0576022058682
0.62 0 0.0575237885013
0.63 0 0.0575908982524
0.64 0 0.0576810084092
0.65 0 0.0576056868257
0.66 0 0.0576622266913
0.67 0 0.0577430402237
0.68 0 0.057508468341
0.69 0 0.0575872760264
0.7 0 0.05764301391
0.71 0 0.0575716530019
0.72 0 0.0576531897365
0.73 0 0.0577213133813
0.74 0 0.0576417457539
0.75 0 0.0575688174402
0.76 0 0.057619170807
0.77 0 0.0575700103345
0.78 0 0.0576321273209
0.79 0 0.0576861084859
0.8 0 0.0576305592892
0.81 0 0.0576886692643
0.82 0 0.0576025506815
0.83 0 0.0575476860035
0.84 0 0.0576067209344
0.85 0 0.0576601917675
0.86 0 0.0576120537476
0.87 0 0.0576666121555
0.88 0 0.0575962732086
0.89 0 0.0575364036427
0.9 0 0.0575947230798
0.91 0 0.0576464344882
0.92 0 0.057593610114
0.93 0 0.0576396356611
0.94 0 0.0576956975302
0.95 0 0.0575307156157
0.96 0 0.0575648123786
0.97 0 0.0576257520366
0.98 0 0.0575805307376
0.99 0 0.0576299875237
1.0 0 0.0576786239591
