0.0 0 0.0
0.01 0 0.1331184573
0.02 0 0.131893517517
0.03 0 0.131544608351
0.04 0 0.131422711878
0.05 0 0.131347589295
0.06 0 0.129789487503
0.07 0 0.131605660629
0.08 0 0.131419979718
0.09 0 0.131411761665
0.1 0 0.131324815083
0.11 0 0.130564198407
0.12 0 0.130562320003
0.13 0 0.130581838889
0.14 0 0.1313938421
0.15 0 0.131346850973
0.16 0 0.130804126922
0.17 0 0.130797978779
0.18 0 0.130806259324
0.19 0 0.130806516246
0.2 0 0.130792527678
0.21 0 0.130949320402
0.22 0 0.130931841208
0.23 0 0.130924042125
0.24 0 0.130926801995
0.25 0 0.130919400188
0.26 0 0.130602988272
0.27 0 0.130589309245
0.28 0 0.131007682095
0.29 0 0.131007909597
0.3 0 0.130994837757
0.31 0 0.130716603866
0.32 0 0.130733174855
0.33 0 0.130718514701
0.34 0 0.131057298348
0.35 0 0.131052982449
0.36 0 0.130814302719
0.37 0 0.130805571857
0.38 0 0.130814511859
0.39 0 0.130816853493
0.4 0 0.13081941461
0.41 0 0.130885118547
0.42 0 0.130878648008
0.43 0 0.13088270983
0.44 0 0.130876768161
0.45 0 0.130880956254
0.46 0 0.130697948648
0.47 0 0.130696404889
0.48 0 0.130927023011
0.49 0 0.130932866229
0.5 0 0.130921673509
0.51 0 0.130759106095
0.52 0 0.130749127474
0.53 0 0.130763518735
0.54 0 0.130747154575
0.55 0 0.130966161417
0.56 0 0.130816400971
0.57 0 0.130816794879
0.58 0 0.13079856072
0.59 0 0.130815446311
0.6 0 0.130814365193
0.61 0 0.130857296316
0.62 0 0.130858938754
0.63 0 0.130863870761
0.64 0 0.130862153577
0.65 0 0.130855244766
0.66 0 0.130732132698
0.67 0 0.130733287602
0.68 0 0.13088738867
0.69 0 0.130896419082
0.7 0 0.130894050207
0.71 0 0.130779189743
0.72 0 0.130781752218
0.73 0 0.13078215404
0.74 0 0.130781672625
0.75 0 0.130928164563
0.76 0 0.130921730605
0.77 0 0.130816865271
0.78 0 0.130820494804
0.79 0 0.130813208593
0.8 0 0.130814026389
0.81 0 0.130820109029
0.82 0 0.130853107813
0.83 0 0.130846339493
0.84 0 0.130845950316
0.85 0 0.130852708081
0.86 0 0.130843491566
0.87 0 0.13075773815
0.88 0 0.130876683529
0.89 0 0.130879478195
0.9 0 0.130875189469
0.91 0 0.130879444987
0.92 0 0.130789938613
0.93 0 0.130789345314
0.94 0 0.130788720127
0.95 0 0.130901780957
0.96 0 0.130905996277
0.97 0 0.130817818977
0.98 0 0.130817606113
0.99 0 0.130817218272
1.0 0 0.130816063657
