0.0 0 0.0
0.01 0 0.258442693906
0.02 0 0.253943211703
0.03 0 0.252521877693
0.04 0 0.250735455799
0.05 0 0.250547448723
0.06 0 0.250398104381
0.07 0 0.24972577485
0.08 0 0.249737355542
0.09 0 0.249745967503
0.1 0 0.249743732703
0.11 0 0.250480829851
0.12 0 0.250442661043
0.13 0 0.250391015099
0.14 0 0.250037639916
0.15 0 0.25001939896
0.16 0 0.250004843688
0.17 0 0.249737525577
0.18 0 0.249744293379
0.19 0 0.24974634828
0.2 0 0.249745823031
0.21 0 0.250148949049
0.22 0 0.250128505747
0.23 0 0.25009951674
0.24 0 0.249915536403
0.25 0 0.249917559855
0.26 0 0.249908514121
0.27 0 0.249903719314
0.28 0 0.24973834392
0.29 0 0.2497465696
0.3 0 0.249747910901
0.31 0 0.250013916296
0.32 0 0.250010675596
0.33 0 0.250004453691
0.34 0 0.249871697945
0.35 0 0.249869363083
0.36 0 0.249862988366
0.37 0 0.249861841722
0.38 0 0.249738480519
0.39 0 0.249741595622
0.4 0 0.249746914278
0.41 0 0.249952860284
0.42 0 0.249949256768
0.43 0 0.249940493601
0.44 0 0.249842920954
0.45 0 0.249840338063
0.46 0 0.249836869007
0.47 0 0.249835778921
0.48 0 0.249743184211
0.49 0 0.249746723201
0.5 0 0.249749216662
0.51 0 0.249913767851
0.52 0 0.249906931819
0.53 0 0.249905040753
0.54 0 0.249905162653
0.55 0 0.249822731591
0.56 0 0.249819775072
0.57 0 0.249821111188
0.58 0 0.249748239178
0.59 0 0.249744149352
0.6 0 0.249749630516
0.61 0 0.249884534941
0.62 0 0.249884170417
0.63 0 0.249880814988
0.64 0 0.249880634169
0.65 0 0.249811825912
0.66 0 0.249811391366
0.67 0 0.249811825061
0.68 0 0.249749774075
0.69 0 0.249745902218
0.7 0 0.249741795182
0.71 0 0.249866853866
0.72 0 0.249866333056
0.73 0 0.249861867786
0.74 0 0.249862016542
0.75 0 0.249803713986
0.76 0 0.249802235368
0.77 0 0.249800964346
0.78 0 0.249749064402
0.79 0 0.249749836921
0.8 0 0.249748554835
0.81 0 0.249748485937
0.82 0 0.249846928861
0.83 0 0.24985016411
0.84 0 0.249846160139
0.85 0 0.249793740365
0.86 0 0.249795884297
0.87 0 0.249794737857
0.88 0 0.249749365781
0.89 0 0.249748347174
0.9 0 0.249749462205
0.91 0 0.249748567152
0.92 0 0.249839388945
0.93 0 0.249839092098
0.94 0 0.249839185252
0.95 0 0.249789356958
0.96 0 0.249789146162
0.97 0 0.249788431943
0.98 0 0.249745910606
0.99 0 0.249748231734
1.0 0 0.249747331459
