0.0 0 0.400294221939
0.01 300 0.478702307079
0.02 600 0.469357550161
0.03 900 0.449849254582
0.04 1200 0.474092104524
0.05 1500 0.4776168526
0.06 1800 0.451564874872
0.07 2100 0.466516317991
0.08 2400 0.461694723884
0.09 2700 0.463179891572
0.1 3000 0.458666180601
0.11 3300 0.469552786045
0.12 3600 0.459769842372
0.13 3900 0.44399598321
0.14 4200 0.452394523592
0.15 4500 0.465661975439
0.16 4800 0.463464871001
0.17 5100 0.44184283859
0.18 5400 0.454008195909
0.19 5700 0.464594197495
0.2 6000 0.463275721103
0.21 6300 0.466021119867
0.22 6600 0.435110727621
0.23 6900 0.431760232814
0.24 7200 0.461492967686
0.25 7500 0.451016778438
0.26 7800 0.459725005231
0.27 8100 0.463157486269
0.28 8400 0.465016035796
0.29 8700 0.447464717986
0.3 9000 0.465315563675
0.31 9300 0.467765823555
0.32 9600 0.450243423336
0.33 9900 0.451757814158
0.34 10200 0.465748355044
0.35 10500 0.464791108457
0.36 10800 0.460686779466
0.37 11100 0.460284819844
0.38 11400 0.449175750677
0.39 11700 0.453794638496
0.4 12000 0.45032338229
0.41 12300 0.43737934011
0.42 12600 0.455230743296
0.43 12900 0.451852946478
0.44 13200 0.447399995719
0.45 13500 0.452536633247
0.46 13800 0.445579528531
0.47 14100 0.44048887888
0.48 14400 0.439322337968
0.49 14700 0.455312772461
0.5 15000 0.465173164838
0.51 15300 0.456851387987
0.52 15600 0.460274202337
0.53 15900 0.456017529211
0.54 16200 0.459436704165
0.55 16500 0.455012974424
0.56 16800 0.464846876826
0.57 17094 0.437333328137
0.58 17400 0.427346592621
0.59 17700 0.45081447995
0.6 18000 0.437802540118
0.61 18300 0.437941238642
0.62 18600 0.45346089845
0.63 18900 0.43978423536
0.64 19200 0.445453288631
0.65 19500 0.45531795302
0.66 19800 0.4562358879
0.67 20100 0.45394678181
0.68 20400 0.461277109092
0.69 20694 0.456370670992
0.7 21000 0.442478869611
0.71 21300 0.440435052431
0.72 21600 0.4579995352
0.73 21900 0.448490390696
0.74 22200 0.450448479534
0.75 22500 0.459096819428
0.76 22800 0.453567338357
0.77 23100 0.462386997722
0.78 23400 0.451437209777
0.79 23700 0.457107055782
0.8 24000 0.451463332802
0.81 24300 0.463693056696
0.82 24600 0.458838852123
0.83 24900 0.410506671509
0.84 25200 0.424783858684
0.85 25500 0.448636645563
0.86 25800 0.457249753549
0.87 26100 0.4584375735
0.88 26400 0.457792686642
0.89 26700 0.458644219029
0.9 27000 0.453843530481
0.91 27300 0.444354299276
0.92 27600 0.454962511784
0.93 27900 0.465529541185
0.94 28200 0.451250569569
0.95 28500 0.435919058212
0.96 28800 0.449356661069
0.97 29100 0.442228728492
0.98 29400 0.452527548489
0.99 29700 0.448027166821
1.0 30000 0.431909946574
