0.0 0 0.403528940038
0.01 300 0.458342028759
0.02 600 0.457155545326
0.03 900 0.477345584424
0.04 1200 0.461623193546
0.05 1500 0.471569566201
0.06 1800 0.473204918322
0.07 2100 0.4629917351
0.08 2400 0.470553138976
0.09 2700 0.469448637771
0.1 3000 0.469435653794
0.11 3300 0.458178844631
0.12 3600 0.463970501854
0.13 3900 0.464612410436
0.14 4200 0.468698934828
0.15 4500 0.454157850174
0.16 4800 0.453181646878
0.17 5100 0.452908928638
0.18 5400 0.455859928714
0.19 5700 0.460871315932
0.2 6000 0.445499443058
0.21 6300 0.461894030781
0.22 6600 0.458887613595
0.23 6900 0.456983189125
0.24 7200 0.439373732625
0.25 7500 0.459174841339
0.26 7800 0.46448213785
0.27 8100 0.458587404851
0.28 8400 0.45802060132
0.29 8700 0.461863588266
0.3 9000 0.442230751917
0.31 9300 0.454688556695
0.32 9600 0.419094886268
0.33 9900 0.432466729727
0.34 10200 0.462976470082
0.35 10500 0.450946570367
0.36 10800 0.461790404627
0.37 11100 0.454893893437
0.38 11400 0.44947466554
0.39 11700 0.443936032247
0.4 12000 0.449635537942
0.41 12300 0.446739653619
0.42 12600 0.445580564603
0.43 12900 0.45432733533
0.44 13200 0.44989090611
0.45 13500 0.459454813523
0.46 13800 0.466570350246
0.47 14100 0.464924817519
0.48 14400 0.455280184512
0.49 14700 0.461530428934
0.5 15000 0.449702376993
0.51 15300 0.452577078324
0.52 15600 0.46394775755
0.53 15900 0.456086580635
0.54 16200 0.453640276554
0.55 16500 0.459963651404
0.56 16800 0.458441413042
0.57 17094 0.457564732951
0.58 17400 0.461958448396
0.59 17700 0.4570410721
0.6 18000 0.442955370941
0.61 18300 0.444341447592
0.62 18600 0.461595777515
0.63 18900 0.446249916858
0.64 19200 0.441128225125
0.65 19500 0.445833378203
0.66 19800 0.460744245806
0.67 20100 0.444015078195
0.68 20400 0.443924558641
0.69 20694 0.462494360142
0.7 21000 0.461183848957
0.71 21300 0.449864637158
0.72 21600 0.423132544809
0.73 21900 0.448866275817
0.74 22200 0.453711271259
0.75 22500 0.43755509511
0.76 22800 0.463615973079
0.77 23100 0.460274919454
0.78 23400 0.461236575718
0.79 23700 0.444451864191
0.8 24000 0.43690046135
0.81 24300 0.457336397914
0.82 24600 0.455306031208
0.83 24900 0.463874609693
0.84 25200 0.459701022222
0.85 25500 0.443855912377
0.86 25800 0.447760077038
0.87 26100 0.434659971157
0.88 26400 0.44589538478
0.89 26700 0.458174958844
0.9 27000 0.461992665702
0.91 27300 0.441788166378
0.92 27600 0.457054681108
0.93 27900 0.453106321235
0.94 28200 0.460509928867
0.95 28500 0.430366647702
0.96 28800 0.458590455551
0.97 29100 0.447864757445
0.98 29400 0.447609735761
0.99 29700 0.464429370632
1.0 30000 0.450296481957
