0.0 0 0.402846000804
0.01 300 0.464242063985
0.02 600 0.47182424333
0.03 900 0.478956786427
0.04 1200 0.462240127992
0.05 1500 0.470107348426
0.06 1800 0.471494526026
0.07 2100 0.465860437263
0.08 2400 0.467145369626
0.09 2700 0.443900647836
0.1 3000 0.464483960905
0.11 3300 0.431171755351
0.12 3600 0.469310938819
0.13 3900 0.459300681818
0.14 4200 0.461309225635
0.15 4500 0.466959057651
0.16 4800 0.46195234564
0.17 5100 0.424210781359
0.18 5400 0.456649568927
0.19 5700 0.448332148831
0.2 6000 0.450764301
0.21 6300 0.430853861959
0.22 6600 0.466039995561
0.23 6900 0.460560673751
0.24 7200 0.44208454289
0.25 7500 0.437226882906
0.26 7800 0.456543210938
0.27 8100 0.459017704237
0.28 8400 0.461795139383
0.29 8700 0.46088546767
0.3 9000 0.457880331563
0.31 9300 0.447428721469
0.32 9600 0.451536951949
0.33 9900 0.451949828839
0.34 10200 0.437366295813
0.35 10500 0.419663147244
0.36 10800 0.447349078096
0.37 11100 0.432581686094
0.38 11400 0.43880415182
0.39 11700 0.463809924411
0.4 12000 0.435846619016
0.41 12300 0.461271990063
0.42 12600 0.458715209695
0.43 12900 0.456661732218
0.44 13200 0.463450125226
0.45 13500 0.464829241573
0.46 13800 0.460415321395
0.47 14100 0.450653148003
0.48 14400 0.4560850618
0.49 14700 0.449205873436
0.5 15000 0.44276919145
0.51 15300 0.432718321995
0.52 15600 0.445232054725
0.53 15900 0.453650710208
0.54 16200 0.457349471127
0.55 16500 0.450197089215
0.56 16800 0.452958642469
0.57 17094 0.466149679269
0.58 17400 0.432827053075
0.59 17700 0.436163089355
0.6 18000 0.456042387581
0.61 18300 0.45717708949
0.62 18600 0.440788906208
0.63 18900 0.422724936759
0.64 19200 0.440377894462
0.65 19500 0.457477708643
0.66 19800 0.454642790861
0.67 20100 0.457559782626
0.68 20400 0.438340170328
0.69 20694 0.449669085626
0.7 21000 0.454971825703
0.71 21300 0.455820001604
0.72 21600 0.452774732322
0.73 21900 0.424168380664
0.74 22200 0.453982413885
0.75 22500 0.44925024095
0.76 22800 0.455318682464
0.77 23100 0.448558724341
0.78 23400 0.450752064352
0.79 23700 0.451679684621
0.8 24000 0.464594677234
0.81 24300 0.421963781933
0.82 24600 0.427421579695
0.83 24900 0.463247031015
0.84 25200 0.461041391774
0.85 25500 0.456730463065
0.86 25800 0.464320589199
0.87 26100 0.45208914981
0.88 26400 0.451355072501
0.89 26700 0.425758508787
0.9 27000 0.458637833568
0.91 27300 0.442435633308
0.92 27600 0.44161906955
0.93 27900 0.464424694759
0.94 28200 0.451360567511
0.95 28500 0.449104970764
0.96 28800 0.438929241972
0.97 29100 0.465766143734
0.98 29400 0.454324262211
0.99 29700 0.452074302439
1.0 30000 0.459994259963
