0.0 0 0.391541482948
0.01 300 0.480790941295
0.02 600 0.474459738883
0.03 900 0.459231601249
0.04 1200 0.4777011071
0.05 1500 0.470250142423
0.06 1800 0.462275038231
0.07 2100 0.458253180588
0.08 2400 0.444549174068
0.09 2700 0.448059141378
0.1 3000 0.467149734392
0.11 3300 0.462503612075
0.12 3600 0.408295979515
0.13 3900 0.46384121258
0.14 4200 0.460372275754
0.15 4500 0.464269890108
0.16 4800 0.433407074937
0.17 5100 0.465854649945
0.18 5400 0.452744042048
0.19 5700 0.459073046732
0.2 6000 0.457119909593
0.21 6300 0.44799906627
0.22 6600 0.43848143792
0.23 6900 0.45938318906
0.24 7200 0.445766706376
0.25 7500 0.443792479206
0.26 7800 0.446408462425
0.27 8100 0.441763277493
0.28 8400 0.456857657361
0.29 8700 0.465893164384
0.3 9000 0.454554164463
0.31 9300 0.433728620004
0.32 9600 0.460464710847
0.33 9900 0.46676416053
0.34 10200 0.455933383978
0.35 10500 0.452966222047
0.36 10800 0.450568185536
0.37 11100 0.45178079464
0.38 11400 0.428415872571
0.39 11700 0.457263312986
0.4 12000 0.466542242009
0.41 12300 0.450908291402
0.42 12600 0.453016310352
0.43 12900 0.450459307161
0.44 13200 0.462861612104
0.45 13500 0.465617522672
0.46 13800 0.450377025211
0.47 14100 0.46578347776
0.48 14400 0.459662503144
0.49 14700 0.452620391463
0.5 15000 0.45856341166
0.51 15300 0.458855181236
0.52 15600 0.437579011972
0.53 15900 0.460193968937
0.54 16200 0.464997320775
0.55 16500 0.423715657545
0.56 16800 0.464746899804
0.57 17094 0.46449243378
0.58 17400 0.457551260252
0.59 17700 0.456427464499
0.6 18000 0.438017797873
0.61 18300 0.435564783329
0.62 18600 0.462001774016
0.63 18900 0.452762556826
0.64 19200 0.433742938227
0.65 19500 0.461619969043
0.66 19800 0.411573935226
0.67 20100 0.450559060152
0.68 20400 0.441666067047
0.69 20694 0.456190370715
0.7 21000 0.458816925417
0.71 21300 0.455272284117
0.72 21600 0.465660777601
0.73 21900 0.4319990925
0.74 22200 0.453115165249
0.75 22500 0.45997930779
0.76 22800 0.458117821859
0.77 23100 0.447583077856
0.78 23400 0.435754606474
0.79 23700 0.458986280693
0.8 24000 0.449461545153
0.81 24300 0.449076569823
0.82 24600 0.444395033864
0.83 24900 0.439976647504
0.84 25200 0.440900811811
0.85 25500 0.45411337059
0.86 25800 0.445375614476
0.87 26100 0.458983501007
0.88 26400 0.454077240343
0.89 26700 0.452428103654
0.9 27000 0.457117979202
0.91 27300 0.435402789222
0.92 27600 0.460720729401
0.93 27900 0.458798158679
0.94 28200 0.459159442405
0.95 28500 0.466282369759
0.96 28800 0.46271356945
0.97 29100 0.459155041514
0.98 29400 0.447123604595
0.99 29700 0.451254607458
1.0 30000 0.456283859761
