0.0 0 0.413509983043
0.01 300 0.477740575739
0.02 600 0.428376551452
0.03 900 0.441075528935
0.04 1200 0.43378405368
0.05 1500 0.450781812474
0.06 1800 0.456996589048
0.07 2100 0.454093323386
0.08 2400 0.456286733505
0.09 2700 0.467768961109
0.1 3000 0.433978284976
0.11 3300 0.452873139548
0.12 3600 0.451135128809
0.13 3900 0.46478083758
0.14 4200 0.440145797912
0.15 4500 0.461545300976
0.16 4800 0.416552866963
0.17 5100 0.458319643481
0.18 5400 0.459994012586
0.19 5700 0.462478489873
0.2 6000 0.443368536735
0.21 6300 0.453652165405
0.22 6600 0.462183519612
0.23 6900 0.461871177774
0.24 7200 0.455905719903
0.25 7500 0.447585343364
0.26 7800 0.430133414452
0.27 8100 0.467790240524
0.28 8400 0.456483629157
0.29 8700 0.460122966107
0.3 9000 0.457841941474
0.31 9300 0.449450419975
0.32 9600 0.445379753979
0.33 9900 0.434268624841
0.34 10200 0.445744333291
0.35 10500 0.44102457697
0.36 10800 0.467439364313
0.37 11100 0.458901037986
0.38 11400 0.447290287665
0.39 11700 0.45662627115
0.4 12000 0.44830344927
0.41 12300 0.467057009716
0.42 12600 0.397182307639
0.43 12900 0.459334159116
0.44 13200 0.449095621415
0.45 13500 0.449324665955
0.46 13800 0.450792353298
0.47 14100 0.460071702382
0.48 14400 0.454968483203
0.49 14700 0.459133591409
0.5 15000 0.459600794021
0.51 15300 0.451332033864
0.52 15600 0.458047146733
0.53 15900 0.452750731269
0.54 16200 0.442456117004
0.55 16500 0.449320352166
0.56 16800 0.443015689149
0.57 17094 0.446748892417
0.58 17400 0.448876547434
0.59 17700 0.430271039402
0.6 18000 0.452738601457
0.61 18300 0.455540799702
0.62 18600 0.457551015681
0.63 18900 0.456044948608
0.64 19200 0.43871786478
0.65 19500 0.459150544545
0.66 19800 0.438261593138
0.67 20100 0.453419732502
0.68 20400 0.464904894006
0.69 20694 0.436482633182
0.7 21000 0.438719361626
0.71 21300 0.440867530804
0.72 21600 0.453536142516
0.73 21900 0.436379340889
0.74 22200 0.446212445406
0.75 22500 0.452164410862
0.76 22800 0.455185239889
0.77 23100 0.46152550304
0.78 23400 0.44889603284
0.79 23700 0.43265654
0.8 24000 0.4544595327
0.81 24300 0.465377866016
0.82 24600 0.450855966608
0.83 24900 0.440070762131
0.84 25200 0.440292047844
0.85 25500 0.459916431023
0.86 25800 0.45514126678
0.87 26100 0.461714044192
0.88 26400 0.459062568825
0.89 26700 0.455269878108
0.9 27000 0.455814895181
0.91 27300 0.440197970288
0.92 27600 0.452886456589
0.93 27900 0.448509841297
0.94 28200 0.461554698537
0.95 28500 0.454904761258
0.96 28800 0.42158926724
0.97 29100 0.463195115258
0.98 29400 0.458658251283
0.99 29700 0.461495568871
1.0 30000 0.45594857621
