0.0 0 0.389525326923
0.01 300 0.475305479975
0.02 600 0.481262512958
0.03 900 0.452010528091
0.04 1200 0.472384555068
0.05 1500 0.460963446146
0.06 1800 0.463209414928
0.07 2100 0.467650047591
0.08 2400 0.455047057846
0.09 2700 0.463050464189
0.1 3000 0.449931253497
0.11 3300 0.466991934409
0.12 3600 0.46355338276
0.13 3900 0.452271516571
0.14 4200 0.465424591132
0.15 4500 0.460672618517
0.16 4800 0.46828690596
0.17 5100 0.446951471488
0.18 5400 0.459614420396
0.19 5700 0.451569856526
0.2 6000 0.462727251631
0.21 6300 0.463368321768
0.22 6600 0.464217971196
0.23 6900 0.460852736255
0.24 7200 0.465702155148
0.25 7500 0.430917440559
0.26 7800 0.464574208178
0.27 8100 0.462750913624
0.28 8400 0.443567805355
0.29 8700 0.46273606207
0.3 9000 0.457613285067
0.31 9300 0.422392736979
0.32 9600 0.46341136047
0.33 9900 0.434155583427
0.34 10200 0.461828015132
0.35 10500 0.462426614671
0.36 10800 0.462074014584
0.37 11100 0.451757941914
0.38 11400 0.445573080949
0.39 11700 0.449248794558
0.4 12000 0.423787164347
0.41 12300 0.453918230357
0.42 12600 0.455526976988
0.43 12900 0.463931771978
0.44 13200 0.455814000479
0.45 13500 0.464673237687
0.46 13800 0.450539341943
0.47 14100 0.451242871552
0.48 14400 0.437294402352
0.49 14700 0.456874530255
0.5 15000 0.461746651967
0.51 15300 0.461843437983
0.52 15600 0.4620415844
0.53 15900 0.458761159885
0.54 16200 0.428668458952
0.55 16500 0.453054076125
0.56 16800 0.465647971834
0.57 17094 0.440310972615
0.58 17400 0.457847526292
0.59 17700 0.461728918379
0.6 18000 0.450532970941
0.61 18300 0.463808161924
0.62 18600 0.456486302373
0.63 18900 0.445407552125
0.64 19200 0.458324820847
0.65 19500 0.452178405464
0.66 19800 0.438659007433
0.67 20100 0.442365638058
0.68 20400 0.441557330844
0.69 20694 0.44549032139
0.7 21000 0.460106163669
0.71 21300 0.461049271442
0.72 21600 0.464762677143
0.73 21900 0.445229206508
0.74 22200 0.443900547089
0.75 22500 0.449372353095
0.76 22800 0.449514954587
0.77 23100 0.451106626371
0.78 23400 0.431745730718
0.79 23700 0.444165267995
0.8 24000 0.450957709551
0.81 24300 0.459942594103
0.82 24600 0.45621421065
0.83 24900 0.455477696837
0.84 25200 0.458955782319
0.85 25500 0.415350006523
0.86 25800 0.461942940803
0.87 26100 0.46135924417
0.88 26400 0.456783888672
0.89 26700 0.430803766412
0.9 27000 0.459268789085
0.91 27300 0.46207849792
0.92 27600 0.452053216787
0.93 27900 0.445428972672
0.94 28200 0.452219192504
0.95 28500 0.454901117611
0.96 28800 0.453506457433
0.97 29100 0.465515711453
0.98 29400 0.455713083963
0.99 29700 0.43971006661
1.0 30000 0.453455368727
