0.0 0 0.406260779415
0.01 300 0.515990928183
0.02 600 0.504921377811
0.03 900 0.505661729289
0.04 1200 0.479419771942
0.05 1500 0.499116882688
0.06 1800 0.486181253084
0.07 2100 0.489906461474
0.08 2400 0.50132546853
0.09 2700 0.467626416346
0.1 3000 0.502114208116
0.11 3300 0.49743194384
0.12 3600 0.488541802182
0.13 3900 0.480191852399
0.14 4200 0.494753291882
0.15 4500 0.482044511448
0.16 4800 0.480124711778
0.17 5100 0.472119076121
0.18 5400 0.483249987519
0.19 5700 0.487427849844
0.2 6000 0.485710343592
0.21 6300 0.495936346719
0.22 6600 0.495827397657
0.23 6900 0.495729442739
0.24 7200 0.452024319331
0.25 7500 0.473202749376
0.26 7800 0.489432677727
0.27 8100 0.488273431324
0.28 8400 0.490924787126
0.29 8700 0.491437078526
0.3 9000 0.495210893621
0.31 9300 0.472994662948
0.32 9600 0.486910710325
0.33 9900 0.464139750331
0.34 10200 0.491872171024
0.35 10500 0.486314282726
0.36 10800 0.455427177338
0.37 11100 0.492543354721
0.38 11400 0.495781144085
0.39 11700 0.489202323363
0.4 12000 0.485570569382
0.41 12300 0.488397470488
0.42 12600 0.489100911088
0.43 12900 0.498059470719
0.44 13200 0.490493064543
0.45 13500 0.48709502343
0.46 13800 0.490871914968
0.47 14100 0.494350965702
0.48 14400 0.492185730094
0.49 14700 0.480515923875
0.5 15000 0.493433422334
0.51 15300 0.491299901011
0.52 15600 0.490392683119
0.53 15900 0.499232937821
0.54 16200 0.481918557584
0.55 16500 0.497057471904
0.56 16800 0.464473739264
0.57 17094 0.483862949917
0.58 17400 0.492587662758
0.59 17700 0.474086695935
0.6 18000 0.487058336653
0.61 18300 0.491786190523
0.62 18600 0.491552986773
0.63 18900 0.467308849373
0.64 19200 0.491490709594
0.65 19500 0.464650858657
0.66 19800 0.495461825966
0.67 20100 0.474214491349
0.68 20400 0.486617645743
0.69 20694 0.482646718294
0.7 21000 0.487191054887
0.71 21300 0.489624656349
0.72 21600 0.486874292054
0.73 21900 0.49355064329
0.74 22200 0.464048181418
0.75 22500 0.493558309136
0.76 22800 0.489675807539
0.77 23100 0.476726063435
0.78 23400 0.476492414988
0.79 23700 0.488355116266
0.8 24000 0.495384618627
0.81 24300 0.494088373553
0.82 24600 0.475972955471
0.83 24900 0.463975110047
0.84 25200 0.497476624315
0.85 25500 0.492363234511
0.86 25800 0.493466352323
0.87 26100 0.493266279127
0.88 26400 0.447101559459
0.89 26700 0.462599496643
0.9 27000 0.487562887018
0.91 27300 0.475491274539
0.92 27600 0.493476054846
0.93 27900 0.477703242946
0.94 28200 0.487101039402
0.95 28500 0.474179311402
0.96 28800 0.477833645327
0.97 29100 0.492173012144
0.98 29400 0.484042215264
0.99 29700 0.483343403384
1.0 30000 0.484052811093
