0.0 0 0.372860921623
0.01 300 0.541493740855
0.02 600 0.53234840461
0.03 900 0.508232223297
0.04 1200 0.515739991217
0.05 1500 0.536240818544
0.06 1800 0.526023762288
0.07 2100 0.519514610183
0.08 2400 0.53245204898
0.09 2700 0.52473877901
0.1 3000 0.529008961195
0.11 3300 0.530255761278
0.12 3600 0.520252528094
0.13 3900 0.517395327141
0.14 4200 0.52017951214
0.15 4500 0.534061658855
0.16 4800 0.528762983154
0.17 5100 0.534000029928
0.18 5400 0.525065751751
0.19 5700 0.523992553499
0.2 6000 0.526119242003
0.21 6300 0.534192854464
0.22 6600 0.532933536832
0.23 6900 0.520312578016
0.24 7200 0.526111901711
0.25 7500 0.53090271874
0.26 7800 0.528342476743
0.27 8100 0.519876749964
0.28 8400 0.520495641017
0.29 8700 0.517407565204
0.3 9000 0.519840609673
0.31 9300 0.527420685765
0.32 9600 0.53240179178
0.33 9900 0.52116143415
0.34 10200 0.522423234805
0.35 10500 0.52377303298
0.36 10800 0.515835491886
0.37 11100 0.522359794179
0.38 11400 0.526173622115
0.39 11700 0.521126225654
0.4 12000 0.524287433411
0.41 12300 0.523536805733
0.42 12600 0.526897432316
0.43 12900 0.52472801611
0.44 13200 0.51771319289
0.45 13500 0.518295994098
0.46 13800 0.528660322024
0.47 14100 0.519201164444
0.48 14400 0.528692572478
0.49 14700 0.519135861144
0.5 15000 0.524749570958
0.51 15300 0.527360163871
0.52 15600 0.505977383964
0.53 15900 0.520605319469
0.54 16200 0.52082705658
0.55 16500 0.528584876767
0.56 16800 0.495574391965
0.57 17094 0.522967559002
0.58 17400 0.533002679706
0.59 17700 0.513683673377
0.6 18000 0.517823816867
0.61 18300 0.520342529997
0.62 18600 0.522654482056
0.63 18900 0.520963605599
0.64 19200 0.512969116694
0.65 19500 0.526943752211
0.66 19800 0.520082181685
0.67 20100 0.519521536619
0.68 20400 0.527578283943
0.69 20694 0.528943416476
0.7 21000 0.492519936161
0.71 21300 0.463030179299
0.72 21600 0.521543048374
0.73 21900 0.520530654429
0.74 22200 0.527479811098
0.75 22500 0.51848969629
0.76 22800 0.503198489711
0.77 23100 0.525713445859
0.78 23400 0.508690665143
0.79 23700 0.527031558327
0.8 24000 0.492999317279
0.81 24300 0.529665832136
0.82 24600 0.527094577197
0.83 24900 0.517803743311
0.84 25200 0.519584252315
0.85 25500 0.531743891342
0.86 25800 0.509681825577
0.87 26100 0.513350986567
0.88 26400 0.527735669555
0.89 26700 0.521165367674
0.9 27000 0.517988097384
0.91 27300 0.522046521516
0.92 27600 0.52294318575
0.93 27900 0.506949217355
0.94 28200 0.50290907349
0.95 28500 0.505275471142
0.96 28800 0.5289253679
0.97 29100 0.513622512527
0.98 29400 0.522682084837
0.99 29700 0.520368349718
1.0 30000 0.523765373328
