0.0 0 0.402845820976
0.01 300 0.564847645226
0.02 600 0.566197981052
0.03 900 0.55510055949
0.04 1200 0.551375633462
0.05 1500 0.568546460845
0.06 1800 0.545800759511
0.07 2100 0.541998205948
0.08 2400 0.546209944465
0.09 2697 0.550540433077
0.1 3000 0.558762368048
0.11 3300 0.560182722088
0.12 3600 0.561158007652
0.13 3900 0.562958779649
0.14 4200 0.55342056212
0.15 4500 0.565476584433
0.16 4800 0.549556935356
0.17 5100 0.552850952535
0.18 5397 0.54732841922
0.19 5697 0.556081114817
0.2 6000 0.554796628737
0.21 6300 0.547688927889
0.22 6600 0.558164634927
0.23 6900 0.557932243516
0.24 7200 0.527841424365
0.25 7500 0.562202697883
0.26 7800 0.558144005421
0.27 8100 0.567199800761
0.28 8400 0.54421320696
0.29 8700 0.562295908102
0.3 9000 0.538686843107
0.31 9300 0.525935535753
0.32 9600 0.561779097585
0.33 9900 0.55251758254
0.34 10200 0.509186464801
0.35 10497 0.549864257914
0.36 10797 0.566416603538
0.37 11097 0.553947305948
0.38 11397 0.552682360279
0.39 11697 0.555899166941
0.4 12000 0.550702840836
0.41 12300 0.526729527248
0.42 12600 0.553320496387
0.43 12900 0.555623976065
0.44 13200 0.551348703227
0.45 13500 0.557241081347
0.46 13800 0.560085696205
0.47 14100 0.564507628665
0.48 14400 0.550492814183
0.49 14700 0.562985562539
0.5 15000 0.531074459001
0.51 15300 0.554937258218
0.52 15600 0.5521415437
0.53 15900 0.555272939073
0.54 16200 0.557072529647
0.55 16500 0.554238354434
0.56 16800 0.535329143658
0.57 17097 0.551769997737
0.58 17400 0.552751413331
0.59 17700 0.547940766172
0.6 18000 0.535984076349
0.61 18300 0.557545022279
0.62 18600 0.559235793162
0.63 18900 0.546982877349
0.64 19200 0.557139034065
0.65 19500 0.548153831883
0.66 19800 0.545385953186
0.67 20100 0.537194053351
0.68 20400 0.550017493613
0.69 20697 0.549962172378
0.7 20997 0.559494215984
0.71 21297 0.550885713026
0.72 21597 0.517098167619
0.73 21897 0.554782291512
0.74 22197 0.562664921322
0.75 22497 0.53741269292
0.76 22797 0.551368247276
0.77 23097 0.555888065304
0.78 23397 0.559343345774
0.79 23700 0.541932761124
0.8 24000 0.537309115975
0.81 24300 0.552523342809
0.82 24600 0.548259076834
0.83 24900 0.553085857288
0.84 25200 0.557869030458
0.85 25500 0.553815552737
0.86 25800 0.547741736418
0.87 26100 0.55615774323
0.88 26400 0.560211460381
0.89 26700 0.559514604104
0.9 27000 0.564181739179
0.91 27300 0.560415503001
0.92 27600 0.546534470888
0.93 27900 0.542390731801
0.94 28200 0.542995903212
0.95 28500 0.559680704594
0.96 28800 0.560325472493
0.97 29100 0.540377711298
0.98 29400 0.544869164742
0.99 29700 0.555778239163
1.0 30000 0.541518826904
