0.0 0 0.415345003798
0.01 300 0.595541436142
0.02 600 0.599372322883
0.03 900 0.598737540798
0.04 1200 0.594679483966
0.05 1500 0.596694605228
0.06 1800 0.597911043059
0.07 2100 0.579686396858
0.08 2400 0.559675905103
0.09 2700 0.593869383432
0.1 3000 0.562904951782
0.11 3300 0.581862020989
0.12 3600 0.586930824816
0.13 3900 0.577196949878
0.14 4200 0.589447292085
0.15 4500 0.594590370104
0.16 4800 0.590983691269
0.17 5100 0.590509770709
0.18 5400 0.591699590831
0.19 5700 0.581073093411
0.2 6000 0.567720788139
0.21 6300 0.585782267624
0.22 6600 0.593289803236
0.23 6900 0.571870145147
0.24 7200 0.570680068455
0.25 7500 0.595778399876
0.26 7800 0.575186309222
0.27 8100 0.584718340151
0.28 8400 0.597655379421
0.29 8700 0.592396984943
0.3 9000 0.591509996386
0.31 9300 0.580439675242
0.32 9600 0.57983036491
0.33 9900 0.586332546691
0.34 10200 0.584273453277
0.35 10500 0.57705145318
0.36 10800 0.595543569567
0.37 11100 0.598805500278
0.38 11400 0.598187938844
0.39 11700 0.58596896926
0.4 12000 0.599932870609
0.41 12300 0.598763161409
0.42 12600 0.593025044351
0.43 12900 0.582723594526
0.44 13200 0.59200402315
0.45 13500 0.598767693309
0.46 13800 0.583038493895
0.47 14100 0.593403966129
0.48 14400 0.588167651703
0.49 14700 0.592811204874
0.5 15000 0.579899604268
0.51 15300 0.593809031987
0.52 15600 0.543750103641
0.53 15900 0.597336413813
0.54 16200 0.578928381186
0.55 16500 0.579798412545
0.56 16800 0.573500585448
0.57 17097 0.593875152744
0.58 17400 0.591356597794
0.59 17700 0.599622932592
0.6 18000 0.58964033981
0.61 18300 0.588208056276
0.62 18600 0.582052416486
0.63 18900 0.588665437525
0.64 19200 0.590332302602
0.65 19500 0.576397855165
0.66 19800 0.594032006455
0.67 20100 0.563153109523
0.68 20400 0.595428096104
0.69 20697 0.586190325402
0.7 21000 0.589014635906
0.71 21300 0.593807572816
0.72 21600 0.578321597007
0.73 21900 0.577451517679
0.74 22200 0.581857384185
0.75 22500 0.589752435729
0.76 22800 0.594721159498
0.77 23100 0.597037774966
0.78 23400 0.581469640483
0.79 23700 0.581484508472
0.8 24000 0.577855148127
0.81 24300 0.558561165982
0.82 24600 0.584719940338
0.83 24900 0.596091238448
0.84 25200 0.59029834459
0.85 25500 0.586930226136
0.86 25800 0.58728920403
0.87 26100 0.584536759459
0.88 26400 0.591812896641
0.89 26700 0.597813989735
0.9 27000 0.5706716626
0.91 27300 0.581317133627
0.92 27600 0.57298805918
0.93 27900 0.596299327648
0.94 28200 0.587348581145
0.95 28500 0.591916451968
0.96 28800 0.583607869602
0.97 29100 0.588396573747
0.98 29400 0.593478110762
0.99 29700 0.59237454132
1.0 30000 0.598290230715
