0.0 0 0.39141204256
0.01 300 0.627645853555
0.02 600 0.621702534197
0.03 900 0.635332286191
0.04 1200 0.61105331769
0.05 1500 0.629326390469
0.06 1800 0.635186049417
0.07 2100 0.606944390849
0.08 2400 0.630527660426
0.09 2700 0.620255864148
0.1 3000 0.615606751582
0.11 3300 0.626017793028
0.12 3600 0.631482452259
0.13 3900 0.619411201555
0.14 4200 0.616617303965
0.15 4500 0.630427307335
0.16 4800 0.625511419823
0.17 5100 0.618111383506
0.18 5400 0.62986862734
0.19 5700 0.619173493043
0.2 6000 0.62987561638
0.21 6300 0.627587857583
0.22 6600 0.625881751997
0.23 6900 0.629694579773
0.24 7200 0.629798010191
0.25 7500 0.617523521936
0.26 7800 0.60818319606
0.27 8100 0.632693566112
0.28 8400 0.608881800696
0.29 8700 0.628760528895
0.3 9000 0.597531559141
0.31 9300 0.614491299014
0.32 9600 0.617535698085
0.33 9900 0.587130906659
0.34 10200 0.627774129082
0.35 10500 0.630841230308
0.36 10800 0.614217216214
0.37 11100 0.63080737925
0.38 11400 0.618638097504
0.39 11700 0.594788486293
0.4 12000 0.621200302546
0.41 12300 0.617713570592
0.42 12600 0.596383761029
0.43 12900 0.632721018572
0.44 13200 0.624624512372
0.45 13500 0.609879849935
0.46 13800 0.618967585975
0.47 14100 0.623288878155
0.48 14400 0.614835190101
0.49 14700 0.592418898863
0.5 15000 0.615571365952
0.51 15300 0.630936065031
0.52 15600 0.587281953196
0.53 15900 0.623974311805
0.54 16200 0.61538106819
0.55 16500 0.618475411308
0.56 16800 0.632018555985
0.57 17097 0.619717037626
0.58 17400 0.632987159328
0.59 17700 0.610403615615
0.6 18000 0.627400925139
0.61 18300 0.594738366618
0.62 18600 0.615832540304
0.63 18900 0.623629722649
0.64 19200 0.582219791798
0.65 19500 0.60051719312
0.66 19800 0.628865676217
0.67 20100 0.613204445035
0.68 20400 0.629006222597
0.69 20697 0.63188828866
0.7 21000 0.626323128315
0.71 21300 0.626172794592
0.72 21600 0.629375244398
0.73 21900 0.616509537507
0.74 22200 0.609118237898
0.75 22500 0.619138941486
0.76 22800 0.600513239549
0.77 23100 0.607123240739
0.78 23400 0.6290751797
0.79 23700 0.622527799153
0.8 24000 0.607764564099
0.81 24300 0.626827157009
0.82 24600 0.62091109795
0.83 24900 0.606034056576
0.84 25200 0.630944355155
0.85 25500 0.57945915756
0.86 25800 0.614768932326
0.87 26100 0.622036234007
0.88 26400 0.628171738383
0.89 26700 0.596401635288
0.9 27000 0.628843071433
0.91 27300 0.609794949558
0.92 27600 0.617750083326
0.93 27900 0.626169513225
0.94 28200 0.621294397076
0.95 28500 0.603906159243
0.96 28800 0.601543174597
0.97 29100 0.615417768407
0.98 29400 0.627246834883
0.99 29700 0.605389473724
1.0 30000 0.605440248651
